be:[1 2 3 4 5 6 7 8 9 10 11 12 13 14 15 16 17 18 19 20 21 22 23 24 25 26 27 28 29 30 31 32 33 34 35 36 37 38 39 40 41 42 43 44 45 46 47 48 49 50 51 52 53 54 55 56 57 58 59 60 61 62 63 64 65 66 67 68 69 70 71 72 73 74 75 76 77 78 79 80 81 82 83 84 85 86 87 88 89 90 91 92 93 94 95 96 97 98 99 100 101 102 103 104 105 106 107 108 109 110 111 112 113 114 115 116 117 118 119 120 121 122 123 124 125 126 127 128 129 130 131 132 133 134 135 136 137 138 139 140 141 142 143 144 145]
but:[1 2 3 4 5 6 7 8 9 10 11 12 13 14 15 16 17 18 19 20 21 22 23 24 25 26 27 28 29 30 31 32 33 34 35 36 37 38 39 40 41 42 43 44 45 46 47 48 49 50 51 52 53 54 55 56 57 58 59 60 61 62 63 64 65 66 67 68 69 70 71 72 73 74 75 76 77 78 79 80 81 82 83 84 85 86 87 88 89 90 91 92 93 94 95 96 97 98 99 100 101 102 103 104 105 106 107 108 109 110 111 112 113 114 115 116 117 118 119 120 121 122 123 124 125 126 127 128 129 130 131 132 133 134 135 136 137 138 139 140 141 142 143 144 145]
by:[1 2 3 4 5 6 7 8 9 10 11 12 13 14 15 16 17 18 19 20 21 22 23 24 25 26 27 28 29 30 31 32 33 34 35 36 37 38 39 40 41 42 43 44 45 46 47 48 49 50 51 52 53 54 55 56 57 58 59 60 61 62 63 64 65 66 67 68 69 70 71 72 73 74 75 76 77 78 79 80 81 82 83 84 85 86 87 88 89 90 91 92 93 94 95 96 97 98 99 100 101 102 103 104 105 106 107 108 109 110 111 112 113 114 115 116 117 118 119 120 121 122 123 124 125 126 127 128 129 130 131 132 133 134 135 136 137 138 139 140 141 142 143 144 145]
been:[1 3 4 5 6 7 8 9 10 11 12 13 14 15 16 17 18 19 20 21 22 23 24 25 26 27 28 29 30 31 32 33 34 35 36 37 38 39 40 41 42 43 44 45 46 47 48 49 50 51 52 53 54 55 56 57 58 59 60 61 62 63 64 65 66 67 68 69 70 71 72 73 74 75 76 77 78 79 80 81 82 83 84 85 86 87 88 89 90 91 92 93 94 95 96 97 98 99 100 101 102 103 104 105 106 107 108 109 110 111 112 113 114 115 116 117 118 119 120 121 122 123 124 125 126 127 128 129 130 131 132 133 134 135 136 137 138 139 140 141 142 143 144 145]
before:[1 2 3 4 6 7 8 9 10 11 12 13 14 15 16 17 18 19 20 21 22 23 24 25 26 27 28 29 30 31 32 33 34 35 36 37 38 39 40 41 42 43 44 45 46 47 48 49 50 51 52 53 54 55 56 57 58 59 60 61 62 63 64 65 66 67 68 69 70 71 72 73 74 75 76 77 78 79 80 81 82 83 84 85 86 87 88 89 90 91 92 93 94 95 96 97 98 99 100 101 102 103 104 105 106 107 108 109 110 111 112 113 114 115 116 117 118 119 120 121 122 123 124 125 126 127 128 129 130 131 132 133 134 135 136 137 138 139 140 141 142 143 144 145]
being:[3 4 5 6 7 8 9 10 12 13 14 15 16 17 19 20 21 22 23 24 25 27 28 30 31 32 33 36 37 38 39 40 41 42 43 44 45 46 47 48 49 50 51 52 53 54 55 56 57 58 59 60 61 62 63 64 66 67 68 69 70 71 72 73 74 75 76 77 79 80 82 83 84 85 86 87 88 89 90 91 92 93 94 95 96 99 100 101 102 103 104 105 106 107 108 109 110 111 112 113 114 115 117 118 119 120 121 122 124 125 126 127 128 129 130 131 132 134 135 136 137 138 139 140 141 142 143 144 145]
better:[1 3 4 5 6 7 8 9 10 11 12 13 14 15 16 18 19 20 21 22 23 24 25 27 28 29 30 31 32 37 38 39 40 41 42 43 44 45 47 49 50 51 55 56 59 60 61 62 63 64 65 66 67 68 69 70 71 72 73 74 75 77 78 79 82 83 84 85 86 87 88 89 90 91 92 93 95 96 98 99 100 101 103 104 105 107 108 109 110 111 112 113 114 115 116 117 118 119 120 121 122 123 124 125 127 128 129 130 131 132 133 134 135 136 137 138 139 140 141 143 144 145]
began:[2 3 5 6 7 8 9 11 13 14 16 17 18 20 21 24 25 26 29 30 32 33 34 39 40 41 43 45 46 47 48 50 52 53 55 56 58 59 60 61 62 63 64 65 66 67 68 69 70 71 72 73 74 75 76 77 78 79 81 82 83 84 85 86 87 88 89 90 91 92 93 94 95 96 97 98 99 100 101 102 103 104 105 106 107 108 109 110 111 112 113 114 115 116 117 118 119 120 121 122 123 124 125 126 127 128 129 130 131 132 133 134 135 136 137 138 139 140 143 145]
both:[5 6 7 8 12 13 14 15 16 17 18 20 22 23 24 26 32 33 34 35 37 38 39 42 43 44 45 46 47 48 49 50 51 52 53 54 55 58 59 60 61 62 63 64 65 66 67 69 70 71 72 74 75 76 77 79 81 82 83 84 85 86 87 88 89 90 91 92 93 94 95 96 97 99 100 101 103 104 105 106 107 108 109 110 112 113 114 115 116 117 118 119 120 121 124 125 126 127 128 129 131 132 133 134 135 137 138 139 140 142 143 144 145]
back:[2 6 7 12 13 19 21 22 23 26 27 30 31 35 37 40 41 43 45 46 48 50 51 53 59 60 61 62 63 64 65 66 67 68 69 70 71 72 73 74 75 76 77 78 79 80 81 82 83 84 85 86 87 88 89 90 91 92 93 94 95 96 97 98 99 100 101 102 103 104 105 106 107 108 109 110 111 112 113 114 115 116 118 119 120 121 122 123 124 125 126 127 128 129 130 131 132 134 135 137 138 139 140 142 143 144 145]
between:[3 4 5 7 8 10 12 13 14 15 16 17 20 21 22 23 25 27 28 33 34 36 37 38 39 41 42 43 47 49 50 52 53 56 58 59 61 62 63 64 66 67 68 69 70 71 72 73 74 75 76 77 78 79 80 82 83 84 85 86 87 88 89 90 91 92 93 94 95 96 98 99 100 101 102 103 104 105 107 110 111 113 115 117 118 120 121 122 123 124 128 130 133 134 135 136 137 138 139 140 141 142 143 144]
brought:[3 5 7 9 13 14 16 17 18 27 28 31 33 34 35 37 40 41 43 44 45 47 48 49 50 53 59 60 61 62 63 64 65 66 67 68 70 71 72 73 74 76 77 78 79 80 81 82 83 84 85 86 87 88 89 91 92 93 95 96 97 98 100 101 102 103 104 105 106 107 108 109 111 112 114 115 117 120 123 125 126 127 128 129 130 131 132 133 134 135 136 137 138 139 140 141 142 143 144]
because:[5 7 8 9 10 11 12 13 16 17 18 19 20 23 24 25 27 29 30 31 33 41 43 44 45 46 47 48 49 50 52 55 57 60 63 65 66 68 69 70 71 72 73 75 78 79 83 84 85 87 89 90 91 92 93 94 96 97 98 99 100 102 103 104 105 107 108 109 110 111 112 113 114 115 116 117 118 120 121 122 123 124 125 126 128 129 130 131 132 133 134 135 137 138 139 140 142]
believe:[2 5 6 9 10 11 12 14 15 16 18 19 22 24 25 27 29 30 31 32 33 35 36 38 39 43 44 46 47 48 49 52 53 55 56 57 59 60 61 63 64 68 69 70 71 72 76 77 79 80 82 83 84 85 86 88 89 91 92 94 95 96 97 104 105 107 108 111 112 113 114 115 116 118 119 120 121 122 123 124 125 126 127 128 129 130 131 132 133 134 135 136 137 138 139 140]
business:[1 3 5 7 10 15 16 17 18 19 20 21 22 23 30 31 33 38 39 40 41 42 43 44 45 46 47 48 49 50 53 54 59 60 61 62 63 65 67 68 69 71 72 74 80 82 83 84 89 91 95 97 98 101 102 104 105 106 107 108 109 110 111 112 113 114 115 117 118 119 120 121 122 123 124 126 127 128 129 130 132 133 134 136 137 140 141 142 143 145]
beyond:[5 12 14 17 20 24 25 28 29 30 32 33 34 37 39 41 42 43 44 48 49 51 52 53 55 56 59 60 61 62 63 64 65 66 67 68 69 70 71 72 73 74 75 76 77 78 79 80 81 82 83 84 85 86 87 88 89 90 91 92 93 94 95 96 97 98 99 100 101 104 106 114 115 116 118 120 122 123 126 127 128 132 137 140]
behind:[3 26 38 41 42 43 45 46 48 55 59 60 61 62 63 64 65 66 67 68 69 70 71 72 73 74 75 76 77 78 79 80 81 82 83 84 85 86 87 88 89 90 91 92 93 94 95 96 97 98 99 100 101 102 103 105 108 110 112 113 114 115 119 120 121 123 126 127 132 133 134 135 137 138 140 142 143 144 145]
best:[1 4 6 11 13 14 19 22 24 30 32 33 35 36 40 41 43 44 46 48 50 59 60 61 62 63 66 67 68 69 70 71 72 73 76 77 78 79 80 82 83 84 85 86 87 88 91 92 94 95 96 99 101 102 105 109 110 111 113 115 117 118 120 122 123 124 126 128 129 130 133 136 137 138 141 143 144 145]
became:[14 15 20 23 25 32 33 35 42 44 45 47 54 55 56 58 59 60 61 62 63 64 65 66 67 69 70 71 72 73 74 75 79 80 82 83 84 86 88 89 90 91 92 93 94 95 96 97 98 99 100 101 102 103 105 106 107 109 110 114 115 118 120 121 123 125 127 129 131 136 140 145]
bring:[3 7 12 17 26 28 31 34 35 40 42 44 45 46 54 55 59 60 61 67 69 70 71 72 73 74 76 77 79 80 81 82 85 86 87 88 90 91 93 94 95 97 100 101 102 104 106 108 109 110 111 113 114 115 116 117 120 123 124 125 126 128 129 131 132 134 135 136 138 140 144]
bear:[12 13 14 16 19 21 22 27 29 33 35 39 40 45 47 48 50 52 54 55 56 59 60 61 62 64 66 69 70 71 72 73 75 76 77 78 79 80 81 82 84 85 86 87 88 89 90 91 93 96 100 101 103 104 105 106 109 111 118 121 122 125 128 130 131 132 133 134 139 141]
become:[9 13 20 39 44 53 55 56 58 59 60 61 62 63 64 66 67 68 69 70 71 72 73 74 75 77 78 79 80 82 83 84 86 87 88 89 90 91 93 96 97 99 100 102 104 105 107 110 113 114 115 117 118 120 121 122 123 125 126 127 131 132 135 136 137 138 140 143 145]
beside:[7 59 61 62 63 64 65 66 69 70 71 72 73 74 75 76 77 78 79 80 81 82 83 84 85 86 87 88 89 90 91 92 93 94 95 96 97 98 99 100 101 103 104 106 107 109 111 114 115 116 117 119 120 121 122 123 125 129 130 131 132 134 135 137 138 140 142 145]
black:[3 59 60 61 62 63 64 65 66 67 68 69 70 71 72 73 74 75 76 77 78 79 80 81 82 83 84 85 86 87 88 89 90 91 92 93 94 95 96 97 98 99 100 101 103 105 106 109 110 111 114 116 117 120 122 124 125 128 129 130 137 138 140 144 145]
broken:[21 27 38 43 44 52 61 62 64 65 66 67 68 69 70 71 72 73 74 75 76 77 78 79 80 81 82 83 84 85 86 87 88 89 90 91 92 93 94 95 96 98 99 100 103 104 105 106 107 108 111 112 115 116 118 122 125 129 132 138 139 140 144 145]
beginning:[13 18 32 34 40 43 46 47 56 57 59 60 61 62 63 64 65 66 67 70 71 72 73 74 75 77 78 82 83 85 88 89 91 92 93 94 95 96 98 101 104 109 112 114 116 118 119 121 122 126 127 128 129 130 131 136 137 138 140 143]
broke:[39 43 59 60 62 66 67 68 69 70 72 73 74 75 76 77 78 79 82 83 84 85 87 88 89 90 93 95 96 98 100 101 102 103 106 108 109 114 116 118 119 120 121 122 123 125 126 128 130 131 132 133 134 135 137 140 143]
brother:[4 7 8 9 10 11 14 15 16 19 23 24 31 33 34 41 42 43 44 45 46 47 49 50 52 53 56 57 58 72 76 92 96 97 105 106 107 110 111 112 115 116 117 118 119 120 121 123 124 125 132 133 135 137 138 139 140]
begin:[6 9 16 20 25 44 50 55 57 59 60 63 64 67 68 72 73 75 77 82 84 85 86 88 89 93 95 96 101 103 105 106 108 109 110 111 116 120 123 124 125 126 127 128 131 132 133 134 135 138 139 140 142]
bed:[7 11 21 43 52 59 61 62 63 64 65 66 67 68 69 71 73 74 83 84 88 91 93 95 96 97 102 103 104 108 109 110 111 114 115 116 117 118 119 121 125 128 130 131 132 133 134 138 140 142 145]
bennet:[1 2 3 4 5 6 7 8 9 10 11 12 13 14 15 16 17 18 19 20 21 22 23 24 27 28 29 30 33 35 37 38 39 40 42 43 44 45 46 47 48 49 50 51 52 53 54 55 56 57 58]
bit:[1 12 13 59 60 61 62 67 68 70 71 72 73 77 78 79 80 83 84 89 91 92 93 94 95 96 98 99 101 104 107 111 112 113 114 115 116 119 120 121 122 123 124 126 127 130 134 136 137 143 145]
breath:[6 46 59 60 61 62 65 66 68 69 70 71 72 74 76 78 79 80 82 83 84 85 86 89 91 92 93 94 95 97 99 100 101 106 107 108 114 115 119 120 121 125 126 127 129 130 132 134 137 140 143]
bad:[4 7 8 14 16 33 38 43 45 46 50 59 60 63 69 71 72 75 78 80 83 84 89 92 94 95 100 101 102 103 106 108 109 111 112 118 119 123 124 126 130 131 133 134 137 138 140 145]
below:[8 26 37 41 59 61 62 63 64 65 66 68 69 70 71 72 73 74 75 76 79 80 81 82 83 85 86 87 88 92 93 94 95 96 97 98 99 100 101 102 108 109 114 115 116 121 140]
bent:[16 40 42 59 60 61 62 64 65 66 69 70 73 74 75 76 77 78 79 81 82 83 84 85 86 87 88 90 91 93 94 97 98 99 100 101 102 105 106 107 108 110 114 121 125 126 138]
besides:[8 15 22 32 36 37 44 47 51 53 56 59 60 62 63 67 82 95 102 103 104 105 107 108 109 110 113 115 116 117 118 122 123 126 127 129 130 132 134 135 136 137 138 139 140 142]
bowed:[6 13 48 59 61 65 66 70 71 72 73 74 75 76 77 78 79 80 81 83 84 85 86 88 90 91 93 94 96 97 98 99 100 101 104 115 117 119 120 123 125 127 131 140 142 144]
bright:[16 59 60 61 62 64 65 66 67 68 69 70 71 72 73 74 75 76 77 78 79 80 81 82 83 84 85 86 87 91 92 95 96 97 100 101 109 110 115 132 133 135 138 139 140 145]
beg:[5 6 12 15 16 17 18 24 31 35 43 46 50 53 59 65 67 68 72 73 74 85 86 89 90 91 93 97 115 117 118 119 120 122 123 125 128 130 132 135 136 137 142 143 145]
behaviour:[3 4 9 10 12 13 14 15 16 17 18 24 26 28 29 33 34 35 39 40 41 42 43 44 45 46 49 50 51 53 55 56 57 59 61 93 104 109 117 118 119 133 134 145]
believed:[8 10 14 17 22 27 30 32 33 34 35 36 43 44 45 46 48 50 51 52 53 55 59 60 67 68 70 72 78 88 94 103 114 125 130 131 132 133 134 135 136 137 142]
big:[59 60 61 62 63 64 65 66 67 70 71 79 83 84 91 92 94 95 96 99 100 101 102 103 104 105 106 108 109 110 112 114 115 118 121 125 129 137 138 139 145]
bingley:[1 2 3 4 5 6 7 8 9 10 11 12 13 14 15 16 19 21 22 23 24 29 30 31 33 34 35 36 38 41 42 43 50 51 52 53 54 55 56 57 58]
beneath:[27 32 33 39 49 61 63 66 67 69 70 71 72 73 74 75 76 77 78 79 80 81 82 83 84 85 86 87 88 91 94 95 96 97 98 99 100 101 105 145]
blood:[60 62 69 72 73 74 75 82 83 85 88 92 95 96 100 101 103 106 108 109 110 114 115 118 119 120 121 125 126 127 129 132 134 135 137 139 140 141 144 145]
bore:[12 16 34 41 49 51 52 57 58 59 61 65 66 69 70 71 72 73 74 75 76 78 79 80 81 82 83 84 85 86 87 88 90 96 97 100 104 122 140]
bank:[59 60 61 62 63 64 66 67 69 70 71 72 76 78 79 80 81 84 85 87 88 92 93 95 96 97 98 99 108 110 114 119 125 128 132 134 137 140]
begun:[6 57 59 60 64 70 72 73 74 83 84 87 88 95 99 101 102 103 104 105 107 108 109 110 115 116 117 118 125 126 127 128 132 133 134 135 136 143]
bound:[12 60 64 65 66 71 72 74 75 76 79 81 82 83 85 95 96 97 98 99 100 101 110 114 115 120 122 123 125 126 127 128 134 136 140 144 145]
bare:[7 60 61 64 65 69 70 73 74 76 77 78 79 81 82 84 85 87 88 89 90 91 92 93 94 95 99 103 105 106 110 114 115 134 145]
beautiful:[3 4 6 10 40 41 43 44 52 56 59 60 61 74 76 77 78 80 84 88 91 92 94 95 96 98 99 100 101 102 116 120 128 136 145]
bow:[11 13 16 27 28 33 41 65 67 71 72 73 74 75 78 79 82 85 86 87 96 97 102 106 116 119 120 125 129 131 132 140 142 143 144]
beat:[60 62 64 73 74 75 79 81 82 83 85 88 90 91 93 95 96 101 103 106 107 108 110 114 117 118 121 123 125 128 132 138 140 144]
blue:[3 48 59 60 64 65 66 69 70 73 74 76 77 78 80 82 86 88 92 95 98 99 100 101 106 107 109 110 114 115 119 125 135 144]
bottom:[27 59 60 61 62 64 66 69 70 73 74 75 76 77 82 83 84 85 87 88 90 92 93 95 98 99 103 106 107 108 109 112 115 130]
breakfast:[7 9 12 13 14 17 19 20 28 33 36 42 52 60 61 62 64 65 66 68 69 70 73 83 84 85 89 91 95 96 99 117 142 145]
brief:[60 67 69 70 71 72 74 76 77 79 82 85 87 88 91 93 96 97 98 103 104 110 114 120 122 125 127 128 131 133 134 141 142]
bringing:[21 41 42 43 45 46 50 51 58 59 60 62 64 66 73 74 77 83 84 85 92 99 101 102 104 112 114 115 116 126 133 134 135]
broad:[59 62 63 64 67 69 70 71 73 74 75 77 78 79 80 82 83 84 85 86 87 88 90 95 96 98 101 119 131 136 137 138 140]
brown:[43 61 64 65 66 67 68 69 70 72 73 74 75 78 79 80 82 83 84 85 88 92 93 95 96 98 99 102 103 112 116 129 144]
beauty:[1 3 4 6 8 9 12 13 19 26 27 37 40 41 43 50 51 57 58 71 72 74 78 84 93 96 101 103 108 116 124 136]
blame:[15 16 20 22 23 33 35 38 43 45 55 60 69 74 80 84 85 90 91 96 103 104 109 113 117 118 123 124 130 134 137 140]
break:[16 39 60 61 63 64 69 72 73 80 82 83 84 87 89 94 97 100 101 106 114 115 116 117 120 123 125 126 128 129 133]
battle:[60 71 72 73 74 76 77 78 80 81 82 83 84 85 86 87 88 89 90 91 92 93 94 95 96 98 99 101 130 131]
bitter:[8 32 63 66 69 72 73 74 81 82 84 86 92 93 94 96 97 99 100 101 104 105 118 121 125 130 131 137 139 145]
borders:[59 60 61 63 64 65 66 67 68 69 70 72 73 76 77 78 79 80 82 84 86 87 88 91 93 94 95 96 97 100]
birds:[48 50 59 60 66 67 69 70 72 73 76 79 80 81 82 84 86 87 88 93 94 95 96 98 99 102 111 122 138]
blow:[47 59 60 62 63 64 66 69 70 73 75 82 85 88 89 91 92 99 100 101 105 106 108 110 111 121 126 142 143]
bridge:[41 59 61 62 63 66 67 69 70 72 73 75 76 77 78 85 89 96 99 102 103 106 110 114 115 132 137 138 140]
burden:[60 61 65 70 71 72 73 74 77 78 79 80 84 85 86 93 97 99 100 101 102 106 109 114 115 131 133 141 145]
burning:[48 60 61 64 65 67 69 70 71 73 74 76 77 80 82 83 84 86 87 88 89 95 102 111 124 125 128 138 140]
book:[3 8 11 12 13 18 28 37 59 63 67 71 72 73 75 77 83 99 103 109 111 114 120 124 125 139 140 144]
bread:[59 61 62 64 65 70 71 82 83 89 90 92 93 95 96 98 103 104 105 107 114 128 129 130 138 142 143 145]
burst:[20 43 46 59 60 61 64 67 69 72 74 75 77 85 88 89 99 101 105 115 118 120 125 128 129 133 136 142]
begged:[12 14 21 44 47 52 53 64 66 69 71 72 73 82 94 104 115 120 123 129 131 133 135 138 139 140 145]
bingley’s:[3 5 6 7 9 11 12 15 16 19 21 22 23 24 25 28 33 41 42 43 50 51 52 53 56 57 58]
busy:[55 59 60 61 65 67 68 72 74 79 83 85 88 89 92 95 101 103 104 105 115 117 122 128 133 137 139]
blew:[59 60 62 65 68 70 71 73 74 75 76 77 78 81 82 83 84 87 89 91 92 94 100 123 138 144]
blind:[4 16 24 34 40 61 65 74 75 76 82 86 91 92 95 98 100 101 105 109 125 129 130 131 140 143]
breast:[16 37 66 71 73 74 76 78 81 82 86 88 89 93 99 100 101 111 115 131 132 134 138 140 141 142]
built:[26 32 40 59 62 63 65 67 68 69 70 71 72 73 74 76 77 86 87 88 89 94 103 110 114 138]
body:[60 70 77 81 83 85 86 90 91 95 99 100 101 102 103 107 108 115 125 133 138 140 141 142 145]
books:[2 8 12 16 29 30 40 44 59 72 73 82 96 103 104 109 122 124 125 126 128 131 134 137 140]
boy:[5 23 41 86 96 99 103 104 106 110 111 112 114 115 117 118 123 132 135 137 139 142 143 144 145]
beating:[60 65 66 75 77 83 84 99 101 103 104 105 106 107 109 110 112 116 118 119 120 121 132 135]
belt:[59 60 61 62 63 65 66 69 70 71 73 76 78 81 85 86 89 90 92 93 96 97 98 114]
borne:[14 21 45 47 53 61 65 71 72 77 78 79 80 81 84 85 86 87 88 92 96 101 140 145]
bilbo:[59 60 61 62 63 65 66 67 69 70 71 72 73 74 75 76 77 80 92 94 96 99 101]
bones:[60 62 65 66 70 75 81 82 83 84 85 86 87 88 92 93 94 95 97 100 138 144 145]
banks:[41 60 62 63 64 67 69 78 79 80 82 83 85 86 88 91 93 94 95 110 114 140]
blade:[68 69 70 71 72 73 74 75 76 78 79 82 83 84 85 86 87 88 95 100 101 108]
breaking:[14 54 60 61 62 64 65 67 70 74 80 83 84 89 93 106 112 113 118 123 128 139]
bending:[60 61 64 67 70 77 82 83 84 86 88 92 97 99 101 108 110 114 115 132 138]
buried:[60 62 67 68 70 71 73 75 79 87 88 91 107 110 122 131 132 135 137 139 145]
bennet’s:[2 3 6 7 8 12 13 15 19 21 22 37 38 46 47 50 52 54 56 58]
bird:[62 74 76 77 78 79 81 82 87 92 93 95 97 98 99 109 116 125 136 140]
boots:[61 64 65 66 67 69 70 73 90 103 104 106 108 109 111 114 121 125 128 131]
breathing:[14 59 61 73 75 84 89 90 91 92 93 97 99 103 108 113 115 121 132 134]
burned:[64 65 68 69 72 73 74 75 82 84 85 86 87 88 89 91 95 96 99 101]
beard:[59 60 64 71 82 84 85 86 89 90 98 102 103 106 111 119 121 135 145]
beast:[62 69 70 72 73 74 76 77 79 82 86 90 94 95 96 98 103 106 116]
bell:[12 18 35 46 59 67 72 84 102 107 108 114 117 122 125 126 134 140 145]
brain:[40 48 100 102 104 105 106 107 108 114 118 119 120 123 126 129 132 138 140]
branches:[59 61 62 64 65 69 70 72 73 76 77 78 79 80 81 82 83 84 98]
breathed:[14 61 65 66 72 75 76 77 89 90 92 95 97 100 104 109 130 131 141]
backs:[61 64 66 69 70 73 78 82 83 84 87 90 92 93 94 95 96 120]
ball:[2 3 5 6 9 11 15 19 23 29 33 34 44 90 91 115 126 132]
beforehand:[6 67 72 103 106 107 114 117 121 123 126 128 131 133 134 135 136 137]
brink:[41 54 73 74 75 76 77 78 82 84 87 88 92 93 97 98 101 145]
beasts:[60 62 64 65 66 67 69 70 72 80 82 85 87 88 96 100 101]
becoming:[6 7 43 60 67 70 73 76 78 84 92 104 115 138 140 143 144]
believing:[16 17 23 24 31 33 38 39 42 43 85 104 123 125 134 136 139]
bend:[62 70 72 73 74 76 77 78 84 85 86 88 92 99 101 115 119]
benefit:[8 12 27 40 47 64 104 105 107 108 120 128 130 134 135 140 143]
blowing:[64 65 66 69 73 79 81 83 86 87 88 89 95 96 99 111 114]
boromir:[72 73 74 75 76 77 78 79 80 81 82 83 85 86 89 95 96]
bourgh:[12 13 14 15 16 17 19 25 26 27 28 29 35 39 49 53 54]
brow:[43 66 68 69 71 74 81 84 86 87 91 93 99 100 101 108 132]
brows:[60 65 69 71 74 76 79 82 83 85 86 88 97 98 118 121 123]
bearing:[25 26 61 65 66 70 71 74 77 86 90 95 96 109 115 126]
begging:[12 43 60 67 68 71 80 92 96 120 122 131 132 133 140 145]
belonged:[13 23 51 59 66 67 79 84 115 123 130 131 132 137 140 145]
betrayed:[33 34 52 55 60 72 80 86 90 99 109 120 125 126 128 139]
bite:[61 62 68 69 72 73 75 79 83 85 92 94 98 100 101 133]
bitterly:[12 21 69 70 72 100 104 110 124 128 131 132 139 142 143 145]
bold:[49 50 62 66 75 78 79 81 82 85 86 103 125 126 127 134]
box:[73 78 83 95 103 104 105 108 109 110 112 113 114 115 129 145]
bag:[59 60 61 63 68 69 72 73 74 89 91 98 100 101 144]
belief:[22 32 34 38 43 49 52 53 55 56 72 94 117 140 145]
bushes:[62 64 66 70 73 74 79 82 91 95 97 98 106 133 138]
beaten:[62 70 72 73 74 82 87 88 93 110 126 132 138 143]
becomes:[24 27 30 57 60 76 78 79 80 85 97 122 126 128]
belong:[16 47 59 62 65 72 77 84 88 89 96 101 108 120]
bewildered:[43 64 71 72 89 103 105 110 115 125 126 127 131 133]
bilbo's:[59 60 61 62 63 67 68 70 71 72 73 79 83 84]
blanket:[61 68 69 74 80 82 84 89 91 92 97 138 141 145]
bless:[33 56 59 60 63 68 71 85 105 115 139 140 141 142]
boughs:[61 64 72 74 75 76 77 78 80 82 84 87 88 98]
breathe:[60 61 76 83 84 86 93 103 106 107 110 120 132 137]
brings:[19 70 71 72 76 80 82 95 96 99 100 126 134 140]
building:[26 41 71 77 82 95 102 105 107 111 120 137 138 144]
backwards:[28 64 72 75 82 83 90 99 100 101 109 114 145]
beds:[60 61 65 67 69 74 86 88 98 108 138 141 144]
beheld:[3 41 69 71 72 76 80 85 86 87 88 99 100]
behold:[60 71 72 76 77 80 82 84 86 103 124 125 142]
betray:[28 43 49 76 90 94 99 109 119 120 125 126 137]
bidding:[25 39 41 66 72 73 79 85 88 90 99 142 145]
bodies:[44 66 73 74 81 82 83 88 101 108 112 140 145]
born:[12 14 27 69 71 72 73 105 120 136 139 141 143]
bowing:[26 59 61 65 76 78 84 95 96 97 122 137 140]
brightly:[62 64 65 69 70 78 87 101 102 106 115 119 121]
badly:[80 90 102 103 105 107 109 115 118 130 136 138]
barred:[67 68 70 74 75 83 84 86 87 92 94 102]
barren:[66 69 70 73 74 78 82 84 92 93 94 95]
base:[90 93 106 110 111 117 118 124 130 131 134 137]
begins:[11 18 54 60 73 75 84 89 94 114 120 122]
behaved:[32 35 37 41 44 51 55 72 123 128 129 140]
beloved:[32 43 63 69 72 77 83 96 98 101 137 140]
boast:[8 9 10 20 26 32 36 38 48 51 96 140]
bosom:[43 81 99 100 103 109 125 131 132 136 138 139]
bottle:[5 59 62 88 109 111 122 135 136 138 141 142]
bows:[13 27 76 78 81 82 83 95 97 101 118 129]
brothers:[14 44 71 76 103 109 116 117 118 123 137 140]
buy:[8 37 44 47 69 72 102 104 112 119 125 140]
baggins:[59 60 61 62 63 66 67 68 71 80 93]
basin:[77 84 86 95 96 97 111 115 132 142 143]
beams:[65 67 71 84 87 88 95 96 98 101 145]
bears:[8 43 72 77 81 82 91 93 96 97 145]
beer:[59 62 63 67 72 89 92 102 111 129 141]
bestowed:[19 20 30 32 33 41 82 91 136 142 143]
bill:[68 69 70 71 73 74 136 142 143 144 145]
blessed:[16 51 52 54 63 65 71 78 133 142 143]
blessing:[12 18 36 45 66 73 78 97 104 115 140]
blurted:[112 113 115 116 117 118 119 120 121 128 132]
blushed:[16 30 40 41 48 71 77 117 119 136 138]
boats:[59 60 63 78 79 80 81 92 94 96 110]
bought:[37 57 58 61 86 97 103 111 122 128 136]
boys:[20 25 40 103 112 115 140 142 143 144 145]
branch:[3 12 60 64 74 76 78 84 95 98 116]
bubbling:[65 69 72 74 76 80 84 88 89 100 101]
bundle:[59 63 84 89 91 95 97 106 108 111 114]
butter:[59 60 64 65 67 72 89 96 104 142 145]
barad-dr:[74 80 81 88 89 90 91 93 94 100]
bay:[72 76 79 83 84 87 95 99 106 122]
bet:[60 92 94 95 105 114 115 120 128 134]
bind:[60 72 76 82 83 92 96 97 98 143]
birth:[12 13 16 47 53 106 120 124 141 145]
biting:[49 65 66 69 71 79 97 115 118 140]
blamed:[55 61 69 85 117 123 128 131 132 140]
blank:[61 74 75 98 101 108 110 112 138 140]
bleak:[69 73 74 78 79 82 84 92 93 97]
blocked:[59 64 73 74 75 87 89 90 100 101]
boat:[59 60 71 78 79 80 81 82 96 114]
brandybuck:[59 60 61 62 63 67 68 83 84 91]
brandywine:[59 61 63 64 66 67 68 69 73 78]
brave:[68 75 76 80 81 86 93 99 101 137]
breathless:[26 43 66 67 69 115 127 130 132 134]
breeze:[64 66 70 76 78 82 83 84 89 92]
brooding:[69 72 82 87 94 99 100 106 125 126]
baggage:[64 69 70 73 76 78 79 81 129]
battered:[59 64 77 83 107 108 111 125 134]
beggar:[76 110 111 113 114 136 138 140 141]
behave:[14 45 64 68 109 114 122 130 132]
bigger:[60 79 84 91 94 95 115 138 144]
blankets:[61 62 65 68 73 74 76 77 79]
blown:[57 61 64 69 70 75 82 83 96]
blows:[78 86 103 106 110 115 116 121 123]
bombadil:[64 65 66 67 68 69 70 72 84]
bottles:[59 61 62 74 88 99 109 111 115]
bree:[66 67 68 69 71 72 73 75 89]
briefly:[17 33 45 47 70 72 74 117 126]
brother’s:[4 6 7 8 11 19 22 43 57]
backed:[41 59 62 67 92 98 100 103]
balls:[11 16 37 45 48 52 58 135]
bar:[64 68 69 71 93 106 112 144]
bench:[65 102 103 107 108 112 129 145]
bennets:[5 13 15 20 37 39 44 52]
beware:[73 74 77 85 90 92 97 104]
bid:[12 68 72 76 78 86 87 96]
bits:[59 64 67 77 103 109 144 145]
blackened:[69 75 76 82 86 90 114 138]
blaze:[68 73 74 75 82 87 95 143]
boiling:[63 70 87 88 89 96 123 129]
bolted:[62 66 69 80 89 101 109 142]
boromir's:[72 75 78 80 81 85 89 96]
bowl:[46 84 88 89 90 91 96 97]
brains:[44 102 115 129 130 133 143 144]
branching:[74 75 77 78 82 86 88 91]
brick:[62 64 71 121 133 134 140 142]
brighter:[61 73 78 86 88 89 115 138]
broader:[62 66 70 73 74 84 128 135]
buckland:[59 61 62 63 67 68 69 72]
build:[8 63 70 73 76 81 121 131]
bade:[66 72 78 86 125 127 144]
bah:[111 114 118 119 120 121 138]
bane:[72 74 75 77 81 95 96]
banished:[32 34 47 62 96 97 99]
barrow:[66 69 71 73 77 100 101]
bedroom:[65 76 91 105 108 121 137]
bells:[59 64 70 71 102 121 126]
belongs:[57 65 70 72 105 115 120]
benevolent:[55 80 90 121 123 130 142]
bestow:[6 16 33 41 52 53 78]
betrothed:[116 123 130 133 136 138 139]
bewilderment:[66 91 109 111 120 122 131]
bitterness:[3 38 39 55 102 105 121]
blackness:[73 79 92 98 99 100 101]
blinding:[59 73 74 75 76 87 92]
blinked:[59 74 86 92 94 96 97]
block:[68 74 75 101 110 112 114]
blushing:[9 69 72 86 118 119 128]
bolt:[62 68 69 80 83 101 108]
bone:[66 70 73 84 86 89 99]
bony:[69 71 82 92 97 116 144]
boom:[75 80 84 87 101 135 138]
bough:[64 76 77 82 84 87 88]
boulders:[69 71 74 82 87 89 92]
bounds:[20 72 95 96 97 101 129]
brandir:[78 79 80 81 82 93 96]
bride:[23 24 48 105 120 122 128]
brighton:[37 39 43 44 45 47 48]
brooch:[66 78 82 83 89 96 109]
bruised:[75 76 82 83 117 143 144]
bagginses:[59 60 61 62 73 93]
bags:[59 60 66 68 104 105]
bargain:[61 87 90 105 111 143]
bark:[64 76 84 88 89 95]
bars:[64 80 86 87 90 101]
bathe:[64 65 70 76 89 118]
bathed:[61 70 76 85 96 140]
bearer:[74 80 81 85 95 100]
benevolence:[7 34 44 114 130 132]
beren:[69 72 73 99 100 101]
birthday:[59 60 61 73 127 142]
blades:[66 70 74 75 78 92]
blaming:[16 24 44 117 123 137]
blankly:[65 74 105 109 113 138]
blast:[73 75 84 87 92 108]
blazed:[65 74 75 82 85 101]
blazing:[61 67 74 75 95 101]
blush:[17 26 41 77 113 118]
board:[47 62 86 142 143 144]
boldly:[55 69 103 113 117 137]
bolger:[59 60 61 63 64 69]
bored:[59 88 94 122 135 136]
borrow:[12 37 82 105 124 125]
bowls:[84 88 89 95 96 142]
brambles:[62 64 65 79 88 98]
brand:[69 71 72 74 77 95]
breach:[12 40 57 87 128 140]
breeding:[4 9 13 27 122 124]
brute:[101 105 106 108 137 145]
burdens:[66 70 72 73 76 80]
bureau:[104 111 126 137 138 140]
bush:[72 88 95 110 138 140]
busily:[44 47 50 77 100 110]
butterbur:[66 67 68 69 71 72]
bakaleyevs:[113 117 121 123 139]
balance:[90 107 115 138 141]
balin:[71 72 74 75 77]
balrog:[75 77 79 85 96]
band:[64 83 88 90 101]
barely:[42 69 72 79 103]
barliman:[66 67 68 71 72]
barrow-downs:[64 65 66 72 82]
bathing:[70 84 95 108 122]
beam:[64 73 76 87 112]
beckoned:[70 71 77 88 97]
bedstead:[108 125 138 141 142]
befall:[22 57 73 90 141]
befallen:[60 72 79 88 117]
behalf:[15 18 24 35 72]
belly:[74 86 95 100 101]
benefactor:[104 113 115 124 131]
beset:[70 72 82 85 90]
blending:[61 66 76 82 84]
blinded:[14 16 73 99 125]
blindly:[60 71 75 78 80]
blinking:[64 65 84 92 120]
bloom:[74 76 78 89 94]
bog:[62 64 65 92 93]
boiled:[74 95 103 107 133]
bondage:[107 111 134 139 143]
bother:[103 116 117 132 135]
boulder:[73 74 80 87 92]
boundary:[26 33 63 66 79]
boxes:[37 59 108 110 112]
branched:[61 64 84 87 88]
brandished:[70 75 101 106 130]
brandybucks:[59 62 63 67 69]
breakfasted:[48 62 66 74 93]
breeches:[66 69 73 111 145]
bridges:[76 78 80 83 94]
bristling:[60 62 71 74 96]
bruinen:[69 70 71 72 73]
brush:[83 100 103 112 132]
burn:[70 73 100 109 111]
busied:[63 65 82 95 96]
b:[43 59 90 142]
bagshot:[59 61 77 95]
banging:[64 101 109 110]
banner:[71 77 80 85]
banners:[71 72 80 88]
barrier:[82 87 100 116]
barrows:[59 65 86 106]
basket:[59 62 63 107]
beadle:[142 143 144 145]
beards:[59 83 84 88]
beats:[59 84 105 112]
beauties:[8 27 40 41]
beginnings:[60 70 72 105]
believes:[16 85 103 128]
belonging:[44 62 124 138]
belts:[66 69 78 82]
benefited:[22 33 47 49]
benefits:[50 83 114 139]
beornings:[71 78 80 82]
bidden:[72 77 85 97]
billows:[65 71 88 89]
bingleys:[23 24 28 58]
blasted:[33 79 87 101]
blended:[71 83 84 93]
blindness:[76 83 94 100]
blossom:[61 76 84 86]
blur:[75 82 92 106]
blurred:[74 75 79 98]
bole:[76 77 84 85]
bond:[73 86 90 137]
bonds:[83 85 128 138]
boot:[70 85 109 111]
bordered:[26 41 61 64]
bordering:[10 57 58 116]
bounded:[67 90 92 126]
bowmen:[80 83 87 97]
bracken:[84 91 95 98]
breakfast-room:[18 46 48 52]
bred:[4 71 72 87]
bree-hill:[66 67 68 69]
breed:[59 74 95 96]
brew:[62 67 89 107]
bricks:[102 109 117 142]
bridle:[70 91 115 143]
brightened:[8 74 115 143]
brightest:[12 57 69 129]
brushing:[80 95 96 115]
brutal:[106 136 140 144]
bucklebury:[61 62 63 64]
bumble:[142 143 144 145]
bump:[67 70 86 101]
burns:[82 84 89 95]
burnt:[55 109 138 140]
bursting:[84 96 120 145]
bye:[11 48 94 144]
bywater:[59 60 61 77]
baby:[130 138 140]
bacon:[62 89 145]
bald:[64 67 103]
bandage:[76 83 118]
bands:[87 89 95]
banish:[24 26 40]
barrel:[59 89 114]
barring:[66 86 87]
barrow-wights:[65 66 72]
bashful:[18 111 116]
bath:[58 63 122]
battle-field:[82 85 88]
battlement:[80 87 94]
battlements:[80 87 91]
bawling:[102 108 135]
beads:[65 66 128]
beastly:[64 83 100]
beckoning:[64 66 121]
beef:[111 115 133]
befell:[69 85 96]
begs:[47 95 119]
behaves:[29 50 109]
beholding:[12 16 41]
belongings:[73 84 117]
benches:[49 67 96]
benefactors:[120 139 140]
beneficial:[16 117 118]
berries:[65 73 84]
biding:[88 99 105]
billiard:[30 121 135]
billiards:[107 108 121]
binding:[97 101 105]
birches:[61 76 84]
blacker:[79 88 99]
blasts:[73 81 87]
bleeding:[106 115 132]
blessings:[78 116 142]
blockhead:[114 120 132]
blood-stained:[108 115 130]
bloodshed:[112 120 140]
blossoming:[84 88 105]
blunder:[91 114 128]
boards:[65 143 145]
boffin:[59 60 61]
boggy:[64 69 79]
bogs:[62 64 85]
bolder:[60 83 102]
boles:[75 84 98]
bombadil's:[64 65 66]
bombadillo:[64 65 66]
border:[62 76 99]
boring:[83 120 139]
bothering:[80 91 124]
bourgh’s:[12 17 27]
bowstring:[76 98 100]
braided:[82 86 95]
braids:[71 82 86]
branded:[120 136 140]
brandy:[59 62 63]
brazen:[87 95 101]
breathlessly:[64 69 125]
breaths:[59 106 115]
bree-folk:[67 68 72]
bree-land:[67 68 69]
brewing:[88 89 98]
brigands:[83 90 113]
brightness:[92 100 119]
broad-bladed:[73 81 83]
broadened:[79 93 126]
bronze:[66 96 121]
brooded:[82 92 124]
broom:[95 103 104]
brother-in-law:[3 47 49]
brushed:[117 131 142]
buds:[84 91 98]
bulk:[95 100 101]
bumbles:[143 144 145]
bundles:[59 64 128]
burdened:[70 73 96]
burial:[88 122 145]
burnished:[78 82 86]
bury:[81 115 145]
bushy:[59 77 84]
businesslike:[118 120 130]
butterflies:[59 66 73]
buttons:[59 103 144]
babbled:[64 126]
babbling:[69 114]
babel:[67 101]
bachelor:[126 142]
background:[60 82]
backward:[56 78]
badger:[59 87]
badgers:[65 74]
badges:[82 83]
baked:[78 112]
balcony:[90 138]
ball-room:[16 29]
balloon:[114 122]
bang:[60 67]
bardings:[71 82]
bared:[86 115]
barefoot:[115 130]
bareheaded:[105 108]
bargained:[92 122]
barking:[62 140]
barley:[67 68]
barn:[90 125]
barnet:[43 44]
barrels:[89 96]
barricade:[87 137]
barriers:[103 131]
baseness:[104 109]
bashfulness:[116 136]
basins:[65 96]
basis:[52 128]
bass:[12 114]
baths:[63 118]
baying:[62 101]
bc:[73 93]
beaches:[76 79]
beak:[78 101]
beaming:[59 96]
bearable:[60 61]
bearded:[84 85]
beckon:[99 121]
bedclothes:[111 138]
bedrooms:[67 69]
bedside:[71 111]
beechen:[69 84]
beetles:[93 140]
before):[49 103]
beforehand_:[105 121]
befriend:[76 114]
beggarly:[128 140]
beggary:[103 132]
behavior:[104 133]
beleriand:[72 100]
belfalas:[76 79]
belfry:[121 126]
bell-ringing:[126 134]
bellowing:[87 95]
bequeathed:[14 117]
bereaved:[66 132]
beryl:[70 74]
beseech:[116 139]
beseeching:[110 132]
besieged:[72 74]
besought:[104 115]
bestial:[99 100]
betrayal:[80 137]
betting:[136 137]
bewildering:[69 74]
bewitched:[10 86]
bids:[82 104]
bier:[81 145]
biggest:[94 101]
biography:[135 141]
birch:[84 92]
birmingham:[40 144]
bites:[92 93]
bitten:[92 110]
black-feathered:[79 81]
blackguard:[116 137]
blameless:[34 77]
blankness:[102 108]
blared:[89 94]
blazoned:[86 87]
blemish:[54 76]
blindfold:[76 96]
blindfolded:[96 98]
bloated:[100 103]
blocking:[75 112]
blocks:[89 99]
blood-red:[77 87]
bloodshot:[106 145]
blotted:[86 89]
blundering:[95 140]
boar:[75 84]
boarding-school:[129 132]
boasted:[22 34]
bob:[67 69]
boffins:[59 60]
boils:[95 109]
boldest:[72 80]
boldness:[82 113]
bolger):[59 61]
bolgers:[59 60]
bolster:[68 104]
bolting:[89 109]
boned:[70 101]
bonnet:[13 37]
boomed:[84 89]
booted:[69 72]
booths:[106 114]
borrowed:[49 104]
borrowing:[124 128]
bosoms:[44 142]
bosses:[86 101]
bothered:[59 134]
boulevard:[105 110]
bounding:[66 102]
bower:[61 62]
bowshot:[75 83]
bowstrings:[79 81]
braced:[92 126]
bracegirdles:[59 60]
brag:[90 135]
braggart:[117 135]
bragging:[103 135]
brakes:[61 79]
bramble:[84 98]
brands:[71 87]
brats:[90 142]
bravo:[111 120]
breaches:[88 120]
breadth:[74 137]
breaks:[72 119]
breathlessness:[100 121]
bree-landers:[67 69]
bree_:[67 94]
briar:[62 95]
briars:[79 98]
briefer:[72 94]
brilliancy:[7 43]
brilliant:[123 140]
brim:[59 77]
briskly:[59 144]
broadening:[64 65]
brockhouse:[59 67]
brood:[114 126]
broods:[98 100]
brook:[63 64]
brown-skinned:[65 84]
brushwood:[64 70]
brutality:[110 123]
bubble:[74 97]
bubbled:[88 101]
buck:[63 84]
bucklanders:[59 63]
buffoon:[116 126]
builders:[88 110]
buildings:[114 141]
bullet:[137 138]
bumped:[67 79]
bunch:[102 108]
burdensome:[93 131]
burying:[12 124]
bush_:[59 61]
bustle:[25 102]
busybody:[59 112]
but':[60 93]
butterbur's:[67 68]
butterfly:[119 126]
buttresses:[93 94]
buxom:[109 111]
buying:[8 111]
buzz:[121 130]
buzzing:[64 69]
b----n:[134]
babble:[126]
babe:[106]
babies:[108]
babushkins:[114]
bacchus:[104]
back--she:[132]
back-parlour:[145]
back_alive_:[83]
backand:[141]
backarappers:[59]
backgammon:[12]
backing:[108]
bad-looking:[111]
badge:[82]
badged:[141]
badgering:[59]
baffle:[85]
baggage-carrier:[64]
baggage-pony:[74]
baggins':[59]
bagronk:[83]
bah-bah-bah:[140]
bain:[71]
bait:[142]
bakers:[78]
bakewell:[41]
baking:[140]
balalaka:[106]
balanced:[80]
balancing:[111]
balconies:[106]
baldric:[72]
baleful:[100]
balin's:[75]
ball--and:[29]
ballast:[95]
balm:[44]
balrog's:[75]
bamfurlong:[62]
band-box:[37]
bandobras:[74]
bandy:[86]
bane_:[96]
banishment:[120]
banknotes:[113]
bankrupt:[103]
banquet:[59]
banquets:[117]
banter:[109]
bantering:[128]
barahir:[69]
baran:[91]
baranduin:[70]
baraz:[73]
barazinbar:[73]
barbarous:[52]
barbarously:[21]
barbed:[87]
barbers:[116]
bard:[71]
bare-back:[91]
bare-facedest:[143]
bare-headed:[114]
barefaced:[3]
barefooted:[115]
bargain-if:[88]
bargain-prices:[59]
bargains:[86]
barge:[103]
barges:[78]
barked:[72]
barmherzige_:[130]
barouche-box:[35]
barracks:[140]
barrel-organ:[132]
barrow-blade:[75]
barrow-top:[66]
barrow-wight:[66]
barrow-wightish:[69]
barter:[105]
baruk:[87]
based:[140]
basely:[118]
basement:[102]
basements:[138]
baser:[105]
bases:[75]
basest:[132]
basking:[66]
basque:[132]
bastards:[100]
bath-house:[118]
bath-songs:[63]
bath-water:[61]
bathing-place:[39]
bathroom:[63]
bats:[91]
battalions:[89]
battering:[59]
battery:[121]
battle-axes:[87]
battle-cries:[87]
battled:[49]
battles:[88]
bawled:[108]
bay-leaves:[95]
bay-trees:[95]
bayton:[145]
bazaar:[129]
bbhosh:[83]
be--but:[14]
be--i:[46]
be--who:[140]
be-yes:[96]
bead:[59]
beaded:[106]
beadles:[142]
beans:[65]
bearers:[145]
beast-shape:[76]
beastliness:[103]
beater:[75]
beatings:[44]
beauteous:[39]
beautifully:[93]
beaux:[19]
beaver:[84]
bed):[61]
bed--its:[121]
bed-loft:[76]
bed-rooms:[41]
bed-side:[141]
bed-song:[61]
bedewed:[66]
bedlam:[103]
bedridden:[66]
bedtime:[116]
bee-hunter:[84]
beech:[84]
beech-tree:[82]
beech-trees:[84]
beech-woods:[79]
beechbone:[89]
beeches:[84]
beef-steak:[135]
been):[98]
been_:[15]
beer):[67]
beer-barrel:[61]
bees:[65]
befogged:[138]
before--he:[117]
before--she:[136]
before-it:[77]
beforesent:[145]
befriended:[34]
befriending:[135]
beggar-like:[86]
beggar-man:[85]
beggars:[76]
beggary--never--no:[103]
begrudged:[82]
behaving:[91]
beheaded:[82]
being--a:[131]
beings:[122]
belated:[59]
belauded:[128]
belch:[89]
beliefs:[105]
believe_:[126]
believer:[134]
believest:[125]
believeth:[125]
bell-handle:[145]
bell-stems:[98]
bellow:[75]
bellowed:[75]
bellows:[64]
belly's:[101]
below--where:[108]
belted:[66]
ben-adar:[72]
bendable:[84]
bends:[73]
beneficence:[12]
beneficent:[122]
benefiting:[44]
bennets--and:[48]
beorn:[71]
bequest:[14]
bereft:[100]
berg:[122]
berlin_:[129]
berry:[84]
berry-o:[64]
berth:[83]
berthiel:[74]
besides):[121]
besiegers:[83]
besom:[84]
bespattered:[102]
best-fed:[59]
bestirred:[98]
bestowing:[23]
beth:[74]
bethany:[125]
bethought:[108]
betokened:[144]
betrayals:[72]
betraying:[115]
betrays:[126]
betrothed--a:[113]
bets:[14]
better):[76]
better----”:[22]
better--imagine:[131]
betters:[59]
bewailed:[19]
bewailing:[145]
beware_:[76]
bewilder:[74]
bewitching:[16]
bewitchment:[86]
bezzemelny:[115]
bible:[134]
bide:[72]
biers:[65]
bifur:[71]
bight:[92]
bigotry:[140]
bilberry:[70]
bilbo):[73]
bilbo_:[73]
bilious:[104]
billiard-room:[114]
billowing:[87]
bills:[58]
binary:[140]
binds:[101]
bingley):[16]
bingley--is:[9]
bingleys’:[16]
bird's:[70]
bird-call:[95]
bird-like:[94]
bird-tamer:[72]
birth-day:[142]
birthday-parties:[59]
birthday-party:[61]
birthday-presents:[59]
birthdays:[59]
bisness:[143]
biter:[91]
bitterest:[45]
bivouac:[87]
blab:[114]
black-beetle:[107]
black-boned:[94]
black-edged:[74]
black-eyed:[136]
black-greys:[84]
black-leather:[59]
black-like:[61]
black-winged:[88]
blackberry:[67]
blacken:[45]
blackhaired:[105]
blackin-bottle:[145]
blacking-bottle:[145]
blacksmiths:[95]
blamelessness:[34]
blames:[122]
blanc:[131]
blanch:[97]
blandness:[142]
blare:[87]
blaring:[101]
blasphemer:[131]
blasting:[87]
bleared:[93]
bleary:[61]
bleating:[65]
bleed:[115]
blenheim:[40]
blest:[62]
blinds:[37]
blink:[96]
bliss:[140]
blistered:[89]
blizzard:[73]
blockheads:[124]
blood--that:[120]
bloodshed--often:[120]
blossomed:[84]
blot:[101]
blotched:[100]
blotchy:[109]
blots:[10]
blotting:[79]
blowzy:[8]
blue-gleaming:[100]
blue-grey:[95]
bluff-looking:[143]
blunders:[140]
blunt:[108]
blunted:[70]
blunting:[96]
bluntly:[120]
blurring:[100]
blurs:[138]
blurt:[109]
blurting:[134]
blurts:[134]
board-room:[143]
boarding:[125]
boastful:[111]
boasting:[14]
boating:[59]
bobbed:[67]
bobbing:[74]
bode:[61]
bodice:[132]
boding:[96]
body)--the:[108]
bodys:[119]
bofur:[71]
bogey-stories:[64]
boil:[97]
boisterously:[21]
bollards:[63]
bolsters:[69]
bolts:[145]
bom:[64]
bombarding:[139]
bombur:[71]
bone-thin:[94]
bone-white:[94]
boner:[70]
bonfire:[64]
book-case:[59]
book-learned:[69]
bookcase:[126]
bookish:[134]
bookseller:[110]
booksellers:[124]
boom_:[84]
booming:[89]
booms:[84]
boon:[72]
boorar:[84]
booth:[114]
bootless:[70]
boots--for:[111]
booty:[112]
boozed:[140]
border-land:[80]
borgil:[61]
boro:[96]
boromir_you:[96]
borrower:[59]
botanical:[67]
both----”:[46]
both--wickham:[49]
bottle-wax:[109]
bottled:[84]
bottles-last:[93]
bounders:[60]
boundless:[31]
bounty:[12]
bounty--who:[105]
bourgeois:[134]
bourgh--the:[27]
bout:[133]
bowl-shaped:[69]
bowled:[134]
bowls):[142]
bowman:[71]
box-wood:[96]
box-woods:[96]
boy--its:[111]
boyish:[115]
brace:[95]
bracegirdle:[59]
bracelet:[83]
bracelets:[11]
brainless:[121]
brake:[95]
branch-workhouse:[142]
branding:[145]
brandishing:[106]
brandmarks:[89]
brandywine):[63]
brass:[144]
brat:[145]
bravado:[103]
bravely:[120]
braver:[92]
brazen-throated:[94]
bread--and:[102]
bread-crust:[89]
bread-pan:[145]
breadonly:[145]
breakfast--ought:[42]
breaking-up:[115]
breast-high:[73]
breastwork:[87]
breath--but:[121]
bree):[71]
bree-and:[72]
bree-blood:[67]
bree-dialect):[67]
bree-hobbits:[67]
bree-lander:[67]
bree-men:[67]
breeches-pocket:[60]
breek-neek:[69]
breelanders:[71]
bregalad:[84]
brego:[86]
brevity:[43]
bribe:[49]
bribery:[49]
bribes:[112]
bride-price:[69]
bridegroom:[24]
bridgefields:[63]
bridled:[86]
brigand:[133]
bright-eyed:[96]
bright-headed:[145]
bright_:[75]
brightening:[44]
brilliance:[131]
brimless:[102]
brimming:[85]
bring--good:[46]
bringer:[82]
bristles:[60]
britain:[47]
british:[12]
brittle:[44]
brm:[84]
broached:[96]
broad):[84]
broad-faced:[14]
broadens:[92]
broadly:[140]
brocade:[108]
brockhouses:[59]
broil:[89]
broken-down:[136]
broken-spirited:[129]
brokenly:[140]
bromley:[35]
brooking:[53]
broth:[95]
brother--ach:[116]
brother-in-law’s:[45]
brotherly:[14]
brought--bread:[110]
brought-up:[132]
brown-cloth:[142]
brown-green:[98]
brown-haired:[67]
browned:[84]
browns:[84]
bruise:[76]
bruise--a:[115]
bruises:[114]
bruising:[89]
brush-:[76]
brushes:[108]
brutally:[138]
brutes:[109]
brutish:[140]
bubbles:[115]
buch':[59]
buchs:[111]
buck-land:[59]
bucket:[108]
bucklander:[67]
buckler:[74]
bucks:[62]
bud:[136]
budding:[64]
budgeford:[63]
buffeted:[141]
builded:[73]
builder:[84]
builds:[125]
bulged:[109]
bulging:[97]
bulky:[59]
bull:[84]
bulldog:[111]
bullock:[116]
bullroarer:[74]
bulwark:[72]
bumping:[95]
bumpkin:[66]
bun:[140]
bunched:[95]
bundled:[67]
bundushathr:[73]
bureau--see:[137]
burg:[87]
burg-wall:[87]
burgomeister:[129]
burnous:[140]
burrow:[63]
burrowed:[60]
burrowing:[73]
burrows:[59]
burrowses:[59]
burrum':[84]
bursts:[85]
burzum-ishi:[72]
bush-shrouded:[98]
busier:[74]
bustling:[67]
but'-he:[71]
but--good:[12]
but--who:[138]
but-well:[77]
but_not_:[83]
butchered:[106]
butcher’s:[50]
butler:[46]
butt:[92]
butt-end:[83]
butterbur):[67]
button:[144]
buttoned:[103]
buttonhole:[105]
buttress:[94]
buyer:[61]
buys:[112]
buzzed:[121]
bwoken:[138]
by-and-by:[16]
by-the-way:[135]
by_orthanc_:[80]
bygone:[97]
byways:[101]
