know:[1 2 3 4 5 6 7 8 9 10 11 12 13 14 15 16 17 18 19 20 21 22 23 24 25 26 29 30 31 32 33]
kind:[4 5 7 8 10 12 14 15 16 17 20 21 22 23 25 27 30 31 32]
known:[1 2 6 13 14 19 20 22 23 25 27 28 31 32]
knew:[2 4 6 8 10 12 13 14 15 27 29 30 32]
keep:[2 4 5 6 8 9 12 18 26 30]
kindness:[2 6 7 9 14 17 20 24 25 30]
knowledge:[2 6 7 8 21 27 28 29 30]
kitty:[2 12 13 15 17 18 21 24]
kent:[12 24 29 30 31 32 33]
knowing:[8 12 16 25 27 29 31]
kindly:[12 16 19 24 27 32]
kept:[12 13 20 21 27]
king:[3 5 24 25]
kingdom:[3 16 26]
knows:[15 24 32]
keeping:[19 21]
knighthood:[5 25]
keener:[32]
keenest:[12]
keeps:[20]
kinder:[32]
kitchen:[12]
