little:[1 2 3 4 5 6 7 8 9 10 11 12 13 14 15 16 17 18 19 20 21 22 23 24 25 26 27 28 29 30 31 32 33 34 35]
lady:[1 2 3 5 6 8 9 10 12 13 14 15 16 17 19 20 21 23 24 25 26 27 28 29 30 31 32 33 35]
long:[1 2 5 6 7 8 10 11 12 13 14 15 16 17 18 20 22 23 24 25 26 27 28 29 32 33 34]
ladies:[2 3 4 6 7 8 9 10 11 12 13 14 15 16 17 19 20 22 23 26 27 28 29 30 31 35]
last:[1 2 3 5 7 10 12 13 14 15 16 17 20 22 23 24 25 27 29 30 31 32 33 34 35]
less:[1 4 6 8 9 11 13 14 15 16 17 18 19 20 21 22 23 24 25 27 28 30 32 33 34]
like:[1 2 3 4 5 6 7 9 10 11 12 14 15 16 17 20 22 24 25 26 29 31 33 35]
love:[1 2 3 6 7 9 11 12 17 18 19 20 21 22 23 24 25 29 30 31 32 33 34]
left:[2 7 8 10 12 16 17 18 19 20 21 22 23 26 27 30 31 32 33 34 35]
life:[1 2 3 4 6 7 11 12 13 14 16 17 20 25 27 30 31 32 33 34 35]
leave:[4 6 7 8 9 10 12 13 16 17 18 19 20 21 23 24 29 30 31 34]
london:[3 6 7 9 13 14 16 19 21 22 23 24 25 26 27 29 30 31 33 35]
let:[1 3 6 8 10 11 12 14 15 16 17 18 21 22 24 25 29 33 35]
least:[1 6 9 10 12 14 16 17 18 19 20 22 24 26 27 31 32 34]
longbourn:[3 5 6 7 9 12 13 14 16 17 19 20 21 22 23 24 25 30]
longer:[8 9 11 12 13 14 15 16 17 19 20 21 22 24 29 30 34 35]
lucas:[1 3 5 6 9 12 16 18 19 20 21 22 23 24 25 27 28 33]
likely:[1 6 7 9 13 14 16 20 23 24 27 29 30 31 32 33]
lizzy:[1 2 3 4 5 7 9 15 17 18 19 21 22 23 24 25]
looked:[3 6 7 8 11 13 16 22 26 27 28 29 30 32 33]
letter:[10 12 19 20 21 22 23 24 25 30 31 33 34]
look:[4 10 12 14 15 16 26 27 28 29 30 33 34]
lydia:[1 2 3 7 9 12 13 14 15 16 18 21 24]
length:[7 10 11 12 16 19 24 26 28 32 33 34]
listened:[4 6 12 14 15 16 18 19 21 25 29 32]
large:[1 3 6 7 13 14 22 26 27 28 35]
ladyship:[12 14 16 17 20 26 27 28 29 35]
liked:[4 5 7 10 12 14 16 25 30 32]
live:[1 4 12 17 20 21 22 23 24 25]
latter:[7 9 12 14 16 22 27 29 33]
leaving:[8 9 10 12 14 22 25 29 32]
likewise:[4 6 14 18 20 24 27 28 33]
listening:[5 6 7 19 26 27 29 31 32]
lived:[3 5 8 18 23 25 29 30 33]
looking:[3 9 11 16 25 26 27 28 31]
late:[8 12 14 16 22 23 32 34]
led:[13 14 19 20 22 26 28 33]
living:[13 14 16 23 27 28 33 34]
lost:[8 11 12 14 24 26 32 33]
library:[3 7 8 11 12 13 18]
lively:[3 4 10 22 26 28 31]
looks:[15 16 17 18 19 21 26]
lane:[12 20 26 28 33 34]
lately:[12 14 20 22 31 35]
light:[6 15 16 22 27 30]
lips:[5 16 17 18 30 32]
listen:[9 12 14 20 23 25]
lose:[3 6 12 14 16 18]
low:[8 14 16 21 26 27]
lucases:[5 6 9 20 23 24]
laughed:[8 11 23 29 30]
learnt:[3 16 26 29 33]
lest:[9 10 11 12 16]
likes:[2 6 22 27 31]
line:[7 24 27 32 34]
loss:[11 17 19 28 35]
laid:[2 12 26 33]
laugh:[6 10 11 15]
lead:[10 12 16 17]
learn:[7 17 27 29]
leisure:[6 13 14 19]
lives:[7 8 14 26]
language:[17 22 32]
leading:[6 13 26]
letters:[10 24 32]
letting:[26 27 30]
liberty:[4 20 22]
lines:[1 10 24]
lodge:[5 20 21]
lord:[12 21 28]
louisa:[7 8 19]
loved:[2 22 25]
larger:[8 9]
laughing:[17 30]
law:[14 33]
lay:[10 34]
laying:[8 33]
learned:[25 27]
lessen:[8 19]
lewis:[12 27]
lieu:[33 34]
likelihood:[16 17]
likeness:[16 27]
liveliest:[12 26]
lodges:[28 35]
longed:[7 9]
loo:[8 10]
lot:[10 20]
lottery:[13 14]
loudly:[13 26]
loveliness:[17 31]
lovely:[13 25]
lower:[16 25]
lace:[3]
laconic:[12]
lad:[23]
laity:[16]
lakes:[25]
lament:[19]
lamenting:[19]
landing:[26]
languages:[8]
languor:[16]
largest:[13]
lasting:[31]
lastly:[16]
latterly:[34]
laudable:[10]
laughingly:[10]
laughter:[11]
laurel:[26]
leaning:[32]
lease:[9]
leaves:[10]
legacy:[33]
legal:[14]
lessening:[31]
liable:[18]
liberal:[14]
liberally:[33]
lieutenant:[13]
liking:[22]
lingering:[34]
list:[8]
listener:[14]
liveliness:[15]
livings:[28]
lizzie:[7]
local:[30]
lodgings:[7]
longing:[20]
losses:[14]
loud:[16]
lover:[21]
lovers:[21]
luck:[20]
luckily:[21]
lucky:[7]
lying:[8]
