more:[1 2 3 4 5 6 7 8 9 10 11 12 13 14 15 16 17 18 19 20 21 22 23 24 25 26 27 28 29 30 31 32 33 34 36 37 38 39 40 41 42 43 44 45 46 47 48 49 50 51 52 53 54 55 56 57 58 59 60 61 62 63 64 65 66 67 68 69 70 71 72 73 74 75 76 77 78 79 80 81 82 83 84 85 86 87 88 89 90 91 92 93 94 95 96 97 98 99 100 101 102 103 104 105]
much:[1 2 3 4 5 6 7 8 9 10 11 12 13 14 15 16 17 18 19 20 21 22 23 24 25 26 27 28 29 30 31 32 33 34 35 36 37 38 39 40 41 42 43 44 45 46 47 49 50 51 52 53 54 55 56 57 58 59 60 61 62 63 64 65 66 67 68 69 70 71 72 73 74 75 76 77 78 79 80 81 82 83 84 85 86 87 88 89 90 91 92 93 94 95 96 97 98 99 100 101 102 103 104 105]
my:[1 2 3 4 5 6 7 8 9 10 11 12 14 15 16 17 18 19 20 21 22 23 24 25 26 27 28 29 30 31 32 33 34 35 36 37 38 39 40 41 43 44 45 46 47 48 49 50 51 52 53 54 55 56 57 58 59 60 61 62 63 64 65 66 67 68 69 70 71 72 73 74 75 76 77 78 79 80 81 82 83 84 85 86 87 88 89 90 91 92 93 94 95 96 97 98 99 100 101 102 103 104 105]
must:[1 2 3 6 7 8 9 10 11 12 13 14 15 16 17 18 19 20 21 22 24 25 26 27 28 29 30 31 32 33 34 35 36 37 38 39 40 41 42 43 44 45 46 47 48 49 50 51 52 53 54 55 56 57 58 59 60 61 62 63 64 65 66 67 68 69 70 71 72 73 74 75 76 77 78 79 80 81 82 83 84 85 86 87 88 89 90 91 92 93 94 95 96 97 98 99 100 101 102 103 104 105]
may:[1 2 5 6 7 8 9 10 11 12 14 15 16 17 18 19 20 21 22 23 24 25 27 28 29 30 31 32 33 34 35 36 37 38 39 40 41 43 44 45 46 47 48 49 50 51 52 53 54 55 56 57 58 59 60 61 62 63 64 65 66 67 68 69 70 71 72 73 74 75 76 77 78 79 80 81 82 83 84 85 86 87 88 89 90 91 92 93 94 95 96 97 98 99 100 101 102 103 104 105]
might:[1 3 4 6 7 8 9 10 11 12 13 14 15 16 17 19 20 21 22 23 24 26 27 28 29 30 31 32 33 34 35 36 37 38 39 40 41 42 43 44 45 46 47 48 49 50 51 52 53 54 55 56 57 58 59 60 61 62 63 64 65 66 67 68 69 70 71 72 73 74 75 76 77 78 79 80 81 82 83 84 85 86 87 88 89 90 91 92 93 94 95 96 97 98 99 101 102 103 104 105]
made:[1 3 4 5 6 7 8 9 10 11 12 13 14 15 16 17 18 20 21 22 23 24 25 27 29 30 31 32 33 34 35 36 37 38 39 40 41 42 43 44 45 46 47 48 50 51 52 53 54 55 56 57 59 60 61 62 63 64 65 66 67 68 69 70 71 72 73 74 75 76 77 78 79 80 81 82 83 84 85 86 87 88 89 90 91 92 93 94 95 96 97 98 99 100 101 102 103 104 105]
me:[1 2 3 4 5 6 7 8 9 10 11 12 14 15 16 17 18 19 20 22 23 24 25 27 28 29 31 32 33 35 36 37 38 39 40 41 43 44 45 46 47 48 49 50 51 52 53 54 55 56 57 59 60 61 62 63 64 65 66 67 68 69 70 71 72 73 74 75 76 77 78 79 80 81 82 83 84 85 86 87 88 89 90 91 92 93 94 95 96 97 98 99 100 101 102 103 104 105]
make:[1 2 4 6 7 8 9 10 12 13 14 15 16 17 18 19 20 21 22 23 24 25 26 27 30 31 33 34 35 36 37 38 39 40 42 43 44 45 46 47 49 50 51 52 53 54 55 56 57 58 59 60 61 62 63 64 65 66 67 68 69 70 71 72 73 74 75 76 77 78 79 80 81 82 83 84 85 86 87 88 89 90 91 92 93 94 95 96 97 98 99 100 101 103 104 105]
many:[1 3 4 5 6 7 8 9 10 11 12 14 16 17 19 20 21 22 23 24 26 27 28 29 30 31 32 33 34 35 36 37 39 40 41 42 43 44 45 47 49 50 52 54 55 56 58 59 60 61 62 63 64 65 66 67 68 69 70 71 72 73 74 75 76 77 78 79 80 81 82 83 84 85 86 87 88 89 90 91 92 93 94 95 96 97 98 99 100 101 102 103 104 105]
most:[3 4 6 7 8 9 10 12 13 14 15 16 17 19 20 21 22 24 25 26 27 28 30 31 32 33 34 35 36 37 38 39 40 41 42 43 44 45 46 47 48 49 50 51 52 53 54 55 56 57 58 59 60 61 62 63 64 65 66 67 68 69 70 71 72 73 74 77 78 79 80 82 83 84 86 87 88 89 90 91 92 93 94 95 96 97 98 100 101 102 103 104 105]
mr:[1 2 3 4 5 6 7 8 9 10 11 12 13 14 15 16 17 18 19 20 21 22 23 24 25 26 27 28 29 30 31 32 33 34 35 36 37 38 39 40 41 42 43 44 45 46 47 48 49 50 51 52 53 54 55 56 57 58 59 60 61 62 63 64 66 67 68 69 71 72 73 74 77 79 80 92 93 94 95 96 97 98 99 101 103 104 105]
man:[1 2 3 4 5 6 8 9 10 12 13 14 15 16 17 18 19 22 23 24 25 28 29 30 31 32 33 34 38 39 40 41 42 43 44 45 46 47 48 49 50 51 52 53 54 55 56 57 59 61 64 65 67 68 69 71 72 73 75 76 77 78 79 80 81 82 83 84 85 86 87 88 89 90 93 95 96 97 100 101 102 103 104 105]
morning:[2 5 6 7 8 9 10 12 13 16 17 18 20 23 24 25 27 28 30 33 34 35 36 37 38 39 40 41 42 43 44 45 48 49 50 52 53 54 56 58 59 60 61 62 63 64 65 66 67 68 69 70 71 72 73 74 75 76 77 78 79 80 81 82 83 84 85 86 87 88 89 91 92 93 96 97 98 99 100 103 104]
moment:[3 6 7 9 10 12 16 17 19 26 27 29 31 32 33 34 35 38 41 42 43 44 46 47 50 51 52 53 55 57 59 60 61 62 63 64 65 66 67 68 69 70 71 72 73 74 75 76 77 78 79 80 81 82 83 84 85 86 87 88 89 90 91 92 93 94 95 96 97 98 99 100 101 102 103 104 105]
mind:[1 5 6 8 10 11 12 16 18 21 27 30 31 32 34 35 36 38 39 40 41 42 43 45 47 49 50 51 52 56 57 58 59 60 61 62 63 65 66 67 68 69 70 71 72 73 74 76 77 78 79 80 81 82 83 84 85 86 88 90 91 92 93 94 95 96 97 98 99 100 101 102 103 104 105]
myself:[2 6 7 9 10 11 12 14 15 16 17 18 19 20 22 23 24 29 32 33 34 36 38 40 44 45 46 47 49 50 52 53 54 55 56 57 59 60 61 62 63 68 69 71 72 73 75 76 77 78 79 80 82 83 84 85 86 87 88 89 91 92 95 96 97 101 102 103 104]
miss:[3 4 5 6 7 8 9 10 11 12 13 14 15 16 17 18 19 20 21 22 23 24 25 26 27 28 29 30 31 33 34 35 36 37 38 39 41 42 43 44 45 46 47 48 49 50 51 52 53 56 57 58 59 66 69 72 73 77 79 80 87 90 94 95]
men:[1 3 8 14 16 20 21 22 23 24 25 31 35 37 38 41 47 51 52 56 58 60 61 66 67 68 69 70 71 72 73 74 76 77 78 79 80 81 82 83 84 85 86 87 88 89 90 91 92 93 94 95 96 97 98 100 101 102 103]
mrs:[1 2 3 4 5 6 7 8 9 10 11 12 13 14 15 16 17 18 19 20 21 22 23 24 25 26 27 28 29 30 31 33 35 36 37 38 39 40 41 42 43 44 45 46 47 48 49 50 51 52 53 54 55 56 57 58 62 63]
manner:[2 3 4 6 7 8 9 10 11 12 13 14 16 17 18 19 22 24 25 27 29 31 32 33 34 35 36 38 39 41 42 43 44 45 46 48 49 51 52 53 54 55 56 58 67 77 81 82 84 88 89 90 93 95 96 98 103]
met:[3 4 6 8 9 10 13 14 15 16 18 22 23 24 26 28 30 33 36 41 42 44 46 49 50 53 54 55 59 60 61 64 68 69 70 71 72 74 75 77 78 81 82 84 85 86 87 88 89 92 94 95 98 99 100 102 105]
mean:[1 3 5 6 8 11 12 16 17 18 19 29 30 31 32 37 39 41 46 49 55 56 59 60 61 62 63 64 66 67 68 69 70 71 72 73 74 77 78 80 81 83 84 85 87 89 90 91 92 94 96 99 100 103 104]
meet:[2 5 6 13 14 19 20 23 24 28 31 37 41 43 44 46 47 48 49 50 51 52 59 60 61 62 64 66 67 68 69 70 72 73 74 75 76 78 79 82 83 84 85 86 87 88 89 90 91 93 97 100 102 104 105]
master:[12 19 22 29 33 41 43 45 46 50 59 60 61 62 63 64 65 66 67 68 69 70 71 72 73 74 76 77 79 80 81 82 83 84 85 86 87 88 89 90 91 92 93 94 95 96 97 98 99 100 101 103 105]
making:[2 7 8 11 12 14 16 17 19 20 21 24 25 28 31 39 42 43 44 49 51 52 55 59 60 61 63 64 66 67 70 71 72 73 74 77 78 79 83 84 87 88 89 94 96 99 100 101 103 104]
matter:[2 6 7 8 9 16 17 20 21 22 37 38 41 42 43 44 52 55 56 59 60 61 62 63 64 67 69 70 71 72 73 74 77 80 82 84 85 88 89 91 92 93 94 96 97 101 102 103 104 105]
means:[4 6 8 10 11 12 15 16 17 19 20 22 23 24 27 29 30 31 32 33 36 41 42 43 44 47 49 50 52 53 56 57 58 61 68 70 72 74 75 81 83 84 86 90 92 94 103 104 105]
meant:[3 9 10 13 14 15 16 18 19 31 34 38 42 44 45 49 50 54 55 59 60 63 65 66 67 69 72 73 75 77 80 83 84 89 90 91 92 94 98 100 101 103 104 105]
moved:[6 9 10 16 20 33 41 51 52 59 60 61 62 63 64 65 69 70 71 72 73 74 76 77 78 79 80 82 83 84 85 86 88 89 90 91 92 93 95 96 98 99 100]
maybe:[60 62 66 67 68 69 70 71 72 73 74 75 76 77 78 79 80 81 82 83 84 85 86 87 88 89 90 91 92 93 94 95 96 97 98 99 100 101 102 103 105]
miles:[7 8 16 25 30 37 40 41 43 47 55 58 59 61 62 63 64 66 67 69 70 73 74 76 78 79 82 84 85 86 87 88 89 91 92 93 95 96 98 99 101]
mother:[2 3 5 6 7 8 9 12 15 16 17 18 19 21 22 24 25 27 31 35 37 38 39 40 43 44 45 46 47 48 50 51 52 53 56 58 59 72 103 104 105]
mountains:[25 59 60 62 66 67 68 69 70 71 72 73 74 75 76 77 78 79 80 81 82 83 84 85 86 87 88 89 90 91 92 93 94 95 97 98 99 100 101]
merely:[1 3 6 10 11 13 14 16 17 19 21 22 24 27 28 29 31 32 33 38 39 40 42 43 44 55 57 58 59 60 63 64 71 80 83 84 88 93]
minutes:[3 9 10 14 16 26 27 28 29 30 32 34 36 39 41 42 43 44 45 48 50 51 52 56 61 67 69 71 74 75 79 89 91 95 96 99 101 103]
meeting:[9 11 13 14 16 29 31 33 34 39 40 41 42 46 47 50 51 57 59 61 62 65 66 67 69 71 72 73 77 78 85 88 89 90 91 102 104]
memory:[12 14 22 27 34 42 56 59 60 61 62 65 66 67 68 70 71 72 74 76 77 78 79 82 83 84 85 86 88 90 91 93 94 96 100]
moon:[60 61 62 64 65 66 67 68 69 70 71 72 73 74 76 78 79 81 82 83 86 87 88 89 90 91 92 93 94 95 96 97 98 99 100]
moving:[6 9 16 29 33 58 60 61 64 65 66 69 72 73 74 76 78 79 80 82 83 84 85 87 88 89 92 93 94 95 96 98 99 100 102]
mention:[1 5 6 7 10 14 21 22 24 29 32 33 35 37 38 40 42 43 44 45 49 50 56 59 60 61 67 71 73 74 89 95 97 101]
merry:[37 46 59 60 61 62 63 64 65 66 67 68 69 70 71 73 74 75 76 77 78 79 80 81 82 83 84 85 88 89 90 91 96 99]
mine:[5 6 7 10 16 19 33 38 39 53 55 59 60 62 63 65 66 68 71 78 80 82 83 84 86 87 88 89 90 94 95 96 103]
middle:[26 40 57 59 60 61 63 67 68 70 71 72 73 74 75 78 79 80 81 82 83 84 86 88 89 91 94 95 96 98 101 102]
manners:[3 4 6 7 8 9 12 13 14 16 17 25 26 27 29 30 31 32 33 34 35 39 41 42 47 48 51 55 58 96]
marriage:[6 10 12 15 16 17 18 20 21 22 23 24 26 31 32 33 36 40 43 44 47 48 49 53 54 56 57 58 59 105]
married:[1 3 4 6 7 12 13 16 17 21 22 23 25 27 37 39 40 43 44 46 47 48 49 50 53 54 56 57 59 103]
meryton:[4 5 6 7 8 9 12 13 14 15 16 19 21 22 25 35 37 38 39 40 43 44 45 46 47 49 50 52 53 58]
mouth:[41 60 61 62 63 64 69 70 72 74 76 79 81 83 84 85 86 87 88 89 90 91 92 93 94 96 97 99 100 101]
move:[9 11 29 61 63 64 66 67 68 69 71 72 73 74 76 79 80 83 86 88 89 91 92 93 95 96 98 99 100 101]
meaning:[2 13 16 19 22 30 32 34 39 42 43 48 59 61 63 67 71 72 76 77 79 82 83 88 91 93 95 96 104]
mighty:[59 61 62 65 67 69 71 72 73 74 75 76 77 79 80 81 82 84 85 86 87 88 91 92 94 95 96 98 103]
months:[16 19 21 23 28 32 35 39 41 42 43 44 45 47 48 50 52 55 56 59 61 68 73 78 82 91 93 104 105]
mordor:[60 68 69 70 71 72 73 75 78 79 80 81 82 83 84 85 86 87 88 90 91 92 93 94 95 96 98 99 100]
mentioned:[3 6 12 15 16 17 19 22 24 27 32 33 34 39 41 43 45 47 49 50 53 54 55 57 66 68 75 104]
mark:[20 39 47 56 59 60 62 65 66 70 74 79 80 82 83 84 85 86 87 88 89 90 91 96 98 99 103]
mile:[5 7 27 40 41 60 61 62 63 69 70 74 75 76 79 81 82 83 87 88 89 90 91 96 100 102]
minute:[13 16 18 23 25 34 37 43 50 59 60 62 63 64 67 80 82 83 85 89 92 95 100 101 103 104]
mist:[61 62 63 64 65 66 69 70 71 72 73 76 77 78 79 80 82 83 86 87 88 89 92 97 98 101]
mistake:[1 5 9 15 26 30 43 52 60 62 66 67 68 69 70 72 74 84 89 92 94 95 99 100 104 105]
muttered:[60 61 64 69 70 72 73 74 75 78 80 82 86 90 91 92 93 94 95 99 100 101 102 103 104 105]
marry:[12 13 17 18 19 20 21 22 24 27 29 31 32 41 43 44 45 46 47 49 50 53 56 104 105]
minds:[1 7 16 37 59 60 64 65 66 67 69 70 72 73 74 77 80 84 88 89 92 94 96 100 105]
money:[14 22 25 27 31 37 38 43 44 46 47 49 52 56 58 59 61 62 63 68 69 102 103 104 105]
match:[16 20 21 22 23 30 34 39 43 44 53 54 56 57 69 70 71 75 77 80 86 96 97 104]
midst:[64 65 66 70 72 73 74 75 76 77 78 79 80 86 87 88 93 94 95 96 98 99 100]
mountain:[59 60 61 63 64 71 72 73 76 77 78 80 81 84 85 86 88 91 93 94 96 99 101]
misty:[60 63 66 67 68 69 71 72 73 74 75 76 78 79 80 81 82 83 87 88 89 93]
mothers:[7 9 16 17 18 24 27 33 35 44 45 47 48 50 51 52 56 59 60 71 104 105]
makes:[4 6 14 23 38 50 54 61 64 67 69 72 74 88 89 97 99 100 102 104 105]
masters:[27 41 67 68 70 72 73 74 84 85 86 90 92 93 95 96 97 98 99 100 101]
matters:[14 16 18 31 49 52 54 60 61 62 68 69 72 73 82 89 90 91 96 102 105]
mistaken:[4 9 10 11 16 17 21 29 32 33 39 41 43 49 53 55 59 72 74 85 104]
march:[24 25 61 64 70 72 73 74 78 79 82 83 84 88 89 94 95 96 98 99]
marked:[16 17 18 27 39 41 42 43 52 59 62 70 72 75 78 82 85 89 94 104]
middleearth:[60 61 69 70 71 72 74 76 77 78 85 88 89 90 91 95 96 97 99 100]
main:[61 63 68 69 73 74 75 76 82 84 85 87 92 93 94 99 100 101 103]
marched:[61 70 72 73 74 76 78 79 80 82 84 86 88 89 94 95 96 98 101]
mirkwood:[60 61 71 72 73 76 78 79 80 82 84 85 86 87 88 90 96 97 100]
moments:[11 13 14 17 28 32 33 34 39 41 43 50 51 53 62 89 102 103 105]
moria:[72 73 74 75 76 77 78 79 80 81 82 84 85 87 89 94 95 96 100]
music:[8 10 11 16 29 59 67 69 71 73 74 76 78 84 86 88 89 90 101]
meal:[59 61 62 64 65 66 69 70 71 72 73 74 78 86 89 95 96 99]
minas:[72 73 77 78 79 80 81 82 85 88 91 92 94 95 96 97 99 101]
miserable:[8 9 11 24 37 46 60 63 66 69 79 80 83 88 92 97 100 101]
mary:[2 3 5 6 7 12 13 15 16 20 37 44 46 52 55 56 58]
mists:[61 63 64 69 70 71 79 82 85 88 89 91 93 94 97 98 100]
month:[10 12 14 21 32 35 40 49 59 60 67 71 79 102 103 104 105]
meat:[28 37 43 50 61 70 83 86 89 93 95 96 98 100 101 103]
marrying:[1 8 12 16 17 18 25 30 32 37 44 47 50 53 105]
meanwhile:[18 19 36 43 51 60 61 67 69 71 74 84 86 96 103]
mere:[14 27 33 51 53 70 72 74 75 76 83 89 93 95 105]
message:[35 36 47 60 61 63 68 69 72 76 78 85 88 89 101]
misery:[16 19 22 32 39 43 47 50 56 83 92 97 101 102 105]
mostly:[43 59 60 61 62 65 67 71 78 79 84 85 90 93 103]
motive:[7 14 17 18 25 27 32 33 34 42 45 49 53 54 55]
mouths:[9 16 67 69 72 73 76 78 81 83 88 93 95 96 99]
muttering:[60 63 67 68 72 74 75 79 82 83 93 95 97 98 104]
madam:[9 12 14 16 17 18 20 29 32 33 35 46 50 53]
malice:[16 44 60 65 72 73 79 85 86 93 95 97 100 101]
marks:[12 43 69 70 72 74 75 76 82 83 85 90 95 100]
missed:[43 44 58 62 65 68 69 71 79 80 85 86 90 96]
moreover:[12 16 17 25 27 29 39 45 46 54 55 96 103 104]
mortal:[47 54 60 65 68 69 71 72 77 79 82 84 86 96]
messages:[10 59 61 68 70 71 72 73 76 77 85 89 101]
mail:[65 71 73 74 75 76 77 79 82 83 86 93]
mans:[4 32 33 45 53 82 85 86 87 93 95 102]
marching:[60 74 76 82 84 87 88 89 94 95 99 101]
measure:[14 24 43 45 46 70 72 77 82 85 94 105]
mischief:[21 39 43 60 67 68 72 79 80 91 92 101]
mood:[59 61 67 77 79 82 92 94 99 100 101 104]
moonlight:[59 65 69 74 88 91 92 93 96 97 99 100]
murmured:[60 66 69 78 79 80 82 84 92 95 96 101]
manage:[14 31 46 69 70 71 83 89 90 92 95]
midnight:[59 61 73 79 87 88 89 93 95 96 98]
mounted:[64 66 69 72 76 82 87 88 89 90 102]
muil:[78 79 80 82 85 86 89 92 95 96 100]
managed:[48 60 67 70 76 83 84 96 103 104]
maria:[3 24 25 26 27 30 35 36 37 55]
marshes:[69 72 78 79 92 93 94 96 97 98]
material:[12 20 22 24 31 50 55 56 58 105]
midday:[59 62 64 66 69 70 79 82 89 98]
mistress:[13 15 21 25 41 43 44 58 61 96]
mounds:[60 65 66 72 76 86 87 88 90 93]
mount:[56 70 72 73 78 80 83 88 91 93]
movement:[60 64 65 69 75 82 92 93 94 96]
meantime:[24 48 60 61 73 82 83 97 101]
melted:[61 65 66 67 71 73 82 92 94]
memories:[4 48 60 72 74 84 95 96 99]
menace:[64 72 85 87 90 93 94 97 100]
menacing:[59 69 70 72 74 88 93 98 105]
merit:[10 19 22 34 38 60 90 103 105]
mingled:[32 61 64 72 76 80 82 92 99]
monday:[1 12 15 21 23 46 48 49 68]
motionless:[60 65 76 82 84 85 87 92 101]
murmur:[64 66 76 84 87 89 96 97 101]
murmuring:[76 77 78 84 88 90 91 96 98]
madness:[70 71 72 79 80 87 88 103]
mamma:[2 7 9 12 37 48 50 52]
marvellous:[59 65 66 76 85 88 97 100]
meads:[79 82 84 85 86 96 99 100]
member:[53 63 73 74 76 79 96 101]
mercy:[60 86 88 91 92 98 103 104]
mirror:[59 61 71 75 77 78 88 101]
misfortune:[5 12 16 38 44 45 52 72]
morgul:[72 80 91 97 98 99 100 101]
mound:[66 76 81 82 83 88 91 93]
mounting:[10 66 70 73 74 80 87 94]
mad:[59 60 80 89 92 97 101]
magic:[59 60 61 70 77 78 96]
marvel:[59 71 76 81 88 96 97]
measured:[69 71 74 82 85 88 91]
members:[63 72 73 80 83 86 90]
merrys:[61 62 64 66 69 79 83]
messenger:[72 78 83 85 86 91 96]
metal:[65 66 73 74 76 81 84]
missing:[34 62 68 75 81 82 103]
mixed:[6 49 59 62 63 67 98]
mornings:[15 28 41 43 45 84 99]
mysterious:[59 61 67 68 69 91 93]
marches:[73 74 86 87 95 96]
meadows:[26 59 61 62 76 84]
melancholy:[17 18 35 36 39 69]
mentioning:[9 11 16 21 31 54]
meriadoc:[60 63 80 84 88 91]
messengers:[71 72 73 76 85 91]
militia:[7 34 37 43 45 47]
mines:[60 74 82 83 84 96]
mixture:[1 8 10 12 13 71]
mode:[6 32 43 44 60 69]
mournfully:[73 82 85 89 92 93]
mud:[8 60 63 67 70 93]
murder:[60 74 79 90 96 97]
mustnt:[61 92 93 95 98 99]
maam:[5 17 27 41 46]
mainly:[59 66 89 91 100]
management:[27 33 38 58 88]
materially:[8 22 34 42 49]
meddle:[61 71 83 90 91]
meduseld:[82 85 86 87 88]
mend:[10 44 62 73 82]
mens:[86 89 90 96 98]
mess:[34 68 83 89 101]
method:[11 35 43 53 98]
mirth:[8 56 65 71 90]
miserably:[43 66 73 74 93]
mithrandir:[77 85 87 96 97]
mithril:[71 74 75 76 101]
modesty:[10 17 18 33 52]
morrow:[12 19 20 27 56]
mortification:[16 32 39 49 57]
mortified:[5 47 54 58 104]
mortifying:[6 12 24 34 50]
mountainside:[73 74 85 88 99]
mournful:[74 75 79 88 94]
movements:[65 70 73 76 89]
mug:[60 62 67 92 95]
musical:[6 59 77 84 88]
mutual:[13 14 39 46 105]
maggot:[60 62 63 65]
magnificent:[59 89 103 105]
maintained:[16 49 72 77]
majesty:[72 79 82 95]
mantelpiece:[14 32 41 59]
market:[5 42 102 105]
marshal:[82 83 86 88]
mastery:[72 78 90 97]
matrimony:[6 17 20 54]
meetings:[43 57 71 103]
melt:[60 70 72 73]
mended:[62 64 66 77]
merrier:[71 73 79 91]
merrily:[64 65 73 88]
michel:[59 67 73 74]
mirrored:[69 71 75 76]
mistrust:[62 95 96 102]
misunderstand:[11 18 22 80]
misunderstood:[43 44 49 60]
model:[8 25 63 88]
momentary:[20 42 55 103]
moors:[60 73 78 93]
morninglight:[65 82 84 94]
moss:[64 88 95 99]
motion:[16 80 85 101]
mould:[66 90 95 98]
muddy:[62 65 72 83]
muffled:[62 64 66 75]
murdered:[60 84 96 105]
muslin:[13 44 46 102]
mutter:[92 94 98 102]
madly:[67 70 101]
maggots:[62 63 83]
maid:[20 37 43]
maiden:[27 69 76]
maimed:[70 98 101]
maker:[60 72 101]
malicious:[14 40 60]
malignant:[102 104 105]
mallorn:[76 77 78]
mallorntrees:[76 77 78]
mane:[70 75 85]
maps:[60 73 83]
mar:[82 88 91]
margins:[71 78 82]
marish:[62 63 92]
marvels:[71 82 88]
masked:[63 71 95]
mass:[66 98 100]
mastered:[90 91 94]
meals:[59 60 104]
mearas:[82 85 86]
measures:[31 33 44]
meditating:[6 11 18]
meets:[4 44 75]
merited:[34 55 59]
merrymaking:[59 71 103]
mightier:[85 88 96]
mightiest:[77 86 90]
milk:[59 65 92]
minstrels:[71 74 87]
minutely:[27 35 40]
mirrormere:[73 74 76]
mistakes:[22 27 101]
modern:[8 26 103]
modest:[16 55 90]
moist:[70 79 95]
monster:[100 101 103]
moons:[74 79 92]
moored:[63 78 79]
moral:[44 57 105]
morannon:[94 95 98]
mortals:[60 71 80]
motives:[11 33 56]
mouthful:[73 74 99]
munched:[70 79 93]
musing:[91 95 96]
mustered:[72 86 87]
mablung:[95 96]
mailshirt:[74 89]
maintain:[18 104]
manes:[70 82]
manhigh:[75 89]
manor:[4 50]
mansion:[14 42]
mantle:[69 76]
mantled:[94 95]
manycoloured:[88 93]
manypillared:[74 77]
marble:[88 99]
marfa:[104 105]
margin:[78 83]
marmeladov:[103 105]
marrow:[64 66]
marvelled:[73 98]
marvellously:[76 89]
mask:[86 90]
masonry:[89 95]
mat:[68 69]
mate:[73 101]
maternal:[53 58]
matlock:[40 41]
mats:[63 65]
mattered:[72 99]
mattresses:[65 97]
mature:[19 59]
mayhap:[72 77]
mazarbul:[75 77]
mead:[78 99]
meanly:[4 55]
meanness:[8 105]
measurement:[77 84]
meats:[67 96]
meddling:[60 91]
meditate:[26 54]
meditated:[20 43]
mein:[71 95]
melody:[61 71]
melting:[69 97]
menel:[71 101]
mercenary:[25 34]
merciful:[86 90]
merciless:[69 83]
merits:[41 50]
methedras:[82 84]
michaelmas:[1 50]
milder:[73 92]
mildness:[18 21]
millers:[39 60]
mimicking:[90 95]
mincemeat:[71 95]
minding:[67 84]
mindolluin:[91 97]
mingling:[13 92]
miraculous:[27 43]
mirrors:[74 77]
miruvor:[73 74]
misconduct:[39 46]
misfortunes:[32 53]
misjudged:[82 101]
mislead:[31 90]
misleading:[19 64]
misled:[33 100]
misrepresented:[15 49]
mission:[80 101]
mistaking:[72 74]
misunderstanding:[72 97]
mixing:[29 62]
mmak:[95 96]
mockery:[84 98]
moderate:[44 56]
moderation:[34 44]
monument:[74 93]
moonlit:[73 89]
moor:[63 73]
moot:[84 89]
mop:[63 83]
mortally:[60 71]
motherinlaw:[6 10]
motto:[84 89]
mountainpass:[73 74]
mountainshadow:[75 95]
mountainsides:[76 89]
mountainstreams:[76 84]
mourn:[76 86]
moves:[79 94]
mugs:[62 67]
multiply:[72 79]
murmurs:[21 84]
mused:[60 90]
mushrooms:[62 63]
muster:[65 96]
mustering:[72 80]
mystery:[38 67]
m:[49]
machinery:[89]
machines:[89]
mae:[70]
maggotfolk:[98]
maggotholes:[94]
magical:[59]
magician:[67]
magistrate:[28]
magnanimous:[103]
magnificence:[59]
magnified:[74]
magnitude:[33]
maidens:[78]
mailclad:[82]
mailcoat:[73]
maintaining:[12]
makin:[70]
male:[7]
malediction:[84]
malignantlysuch:[103]
malinornlion:[84]
mallornleaf:[85]
mallorntree:[76]
manager:[38]
manages:[101]
manand:[38]
manfood:[89]
mangy:[102]
manhe:[31]
manifestations:[102]
manifold:[17]
mankind:[38]
mankindthen:[103]
manlike:[84]
mannerin:[6]
mannerone:[15]
mannersmy:[57]
manservant:[35]
mansflesh:[83]
manshape:[75]
mansions:[72]
mantles:[69]
manuscript:[59]
manuscripts:[104]
manuvre:[16]
manwise:[97]
manyfingered:[84]
manys:[60]
manyshaded:[66]
manysided:[88]
manytiered:[77]
manytowered:[80]
manywindowed:[100]
map:[73]
marauding:[76]
marbles:[88]
mardil:[96]
mare:[66]
marias:[27]
mariner:[71]
marjorams:[95]
markings:[60]
marksmen:[97]
marmeladovs:[105]
marmeladovsuch:[103]
marriagesdounia:[104]
marries:[22]
marryingand:[17]
marshals:[73]
marshland:[69]
marshreeks:[93]
marvelling:[88]
maryo:[78]
marys:[16]
masks:[95]
mason:[74]
masses:[99]
masster:[97]
mast:[71]
masted:[78]
masterand:[41]
mastering:[97]
masterless:[97]
masterly:[29]
masterring:[60]
matched:[82]
matchwhich:[49]
mates:[100]
mathomhouse:[74]
mathoms:[59]
matriarch:[60]
matrimonial:[25]
matted:[64]
matterdarcy:[10]
matterto:[21]
matured:[105]
maturity:[103]
mauhr:[83]
mauled:[89]
mayor:[67]
mayoralty:[5]
maze:[98]
mazes:[65]
mea:[14]
meadow:[86]
meadowflowers:[73]
meagre:[84]
meand:[7]
meanest:[39]
meaningand:[11]
meaningless:[102]
meantto:[60]
measuring:[92]
mebut:[57]
mechanically:[41]
medal:[103]
meddlers:[86]
medicine:[83]
mediocrity:[34]
meditation:[43]
meditations:[33]
medium:[103]
meek:[103]
meekly:[103]
mefor:[39]
mei:[24]
meit:[33]
melilot:[59]
mell:[101]
mellon:[74]
mellyrn:[76]
melodies:[71]
melodious:[90]
melteth:[103]
mementoes:[73]
memo:[83]
mending:[71]
meneldil:[72]
menelvagor:[61]
mennay:[11]
menservants:[35]
mentionshe:[13]
merchant:[104]
merchants:[105]
mercilessly:[83]
meres:[93]
merriment:[61]
merryo:[64]
metalwork:[71]
metcalfes:[27]
mew:[76]
mi:[78]
mices:[92]
midafternoon:[81]
middlenight:[74]
middleworld:[67]
midges:[69]
midgewater:[69]
midmorning:[79]
midmost:[79]
midsummer:[72]
midyears:[68]
mien:[3]
mightily:[99]
mild:[22]
mildly:[47]
military:[14]
mill:[77]
miller:[59]
milliner:[37]
milliners:[7]
millionaire:[105]
millwheel:[74]
milo:[59]
mincepies:[9]
minded:[102]
mindful:[50]
mindpride:[11]
mined:[74]
miniatures:[41]
mining:[71]
minister:[90]
minor:[59]
minuteness:[26]
minutest:[28]
mirage:[99]
mires:[93]
miscarry:[73]
mischance:[31]
mischievously:[41]
misconstruing:[90]
misdoubt:[96]
miseries:[54]
miserly:[13]
misgave:[72]
misgives:[82]
misgiving:[62]
misgivings:[67]
mishandled:[78]
mishap:[74]
misinterpreting:[93]
misleads:[14]
mismanagement:[38]
misrepresentation:[32]
missent:[43]
misseth:[72]
missish:[54]
mistakenor:[22]
mistclouded:[65]
mistook:[9]
mitheithel:[70]
mithlond:[91]
mithrandirs:[96]
mithrilcoat:[76]
mithrilrings:[74]
mix:[58]
moan:[66]
moaning:[70]
moans:[81]
moats:[64]
mocked:[90]
mohair:[103]
moisten:[99]
moisture:[64]
moisty:[89]
molten:[75]
monologues:[102]
monomaniacs:[104]
monosyllable:[42]
monotonous:[12]
monsters:[88]
monstrous:[100]
monthly:[37]
monuments:[103]
moodily:[73]
moonbeams:[69]
moonless:[72]
moonrise:[69]
moonset:[97]
moonshine:[60]
moontower:[94]
morality:[12]
moralize:[58]
mores:[94]
morgoth:[77]
morgulduin:[98]
morgulkingnot:[99]
morgulknife:[71]
morgullord:[71]
morgulsheen:[99]
morgulspells:[72]
moriagate:[76]
moriasilver:[74]
morni:[78]
morose:[104]
morris:[1]
morrowless:[69]
morsel:[93]
mortality:[69]
mortifications:[55]
mortifies:[51]
mosses:[95]
mossgrown:[93]
mossy:[84]
mostways:[98]
mothballs:[59]
motherhow:[44]
motherits:[104]
mothersinlaw:[104]
motheryours:[47]
mottos:[95]
moulded:[84]
mounded:[66]
mountainair:[84]
mountaineers:[96]
mountainkings:[80]
mountainlee:[76]
mountainmaggots:[83]
mountainmarches:[82]
mountainmass:[86]
mountainpath:[73]
mountainpeaks:[89]
mountainrace:[74]
mountainseat:[80]
mountainsif:[86]
mountainslopes:[84]
mountainsprings:[89]
mountainstone:[100]
mountainstream:[76]
mountaintop:[85]
mountaintops:[74]
mountainwalls:[93]
mourned:[88]
mourning:[60]
mouse:[94]
moustache:[103]
mouthfuls:[95]
mover:[96]
mowing:[74]
mown:[64]
mri:[78]
mriel:[71]
mryat:[78]
muchloved:[90]
muchneeded:[90]
muckrakers:[83]
muddled:[99]
muds:[93]
muffin:[14]
mugwort:[67]
mugworts:[67]
multiplying:[60]
multitude:[47]
multitudinous:[71]
mumbled:[70]
mumblings:[94]
munching:[92]
mundburg:[86]
murderer:[90]
murderous:[90]
murky:[80]
musicbooks:[10]
muslins:[47]
musst:[92]
musstnt:[92]
musty:[85]
mutually:[21]
myriads:[80]
myrtles:[95]
myselffor:[14]
mysteriously:[59]
