not:[1 2 3 4 5 6 7 8 9 10 11 12 13 14 15 16 17 18 19 20 21 22 23 24 25 26 27 28 29 30 31 32 33 34 35 36 37 38 39 40 41 42 43 44 45 46 47 48 49 50 51 52 53 54 55 56 57 58 59 60 61 62 63 64 65 66 67 68 69 70 71 72 73 74 75 76 77 78 79 80 81 82 83 84 85 86 87 88 89 90 91 92 93 94 95 96 97 98 99 100 101 102 103 104 105 106 107 108 109 110 111 112 113 114 115 116 117 118 119 120 121 122 123]
no:[1 2 3 4 6 7 8 9 10 11 12 13 14 15 16 17 18 19 20 21 22 23 24 25 26 27 28 29 30 31 32 33 34 35 36 37 38 39 40 41 42 43 44 45 46 47 48 49 50 51 52 53 54 55 56 57 58 59 60 61 62 63 64 65 66 67 68 69 70 71 72 73 74 75 76 77 78 79 80 81 82 83 84 85 86 87 88 89 90 91 92 93 94 95 96 97 98 99 100 101 102 103 104 105 106 107 108 109 110 111 112 113 114 115 116 117 118 119 120 121 122 123]
now:[1 2 4 6 7 8 9 10 11 12 13 14 15 16 17 18 19 20 21 22 23 24 25 27 28 29 30 31 32 33 34 35 37 38 39 40 41 42 43 44 45 46 47 48 49 50 51 52 53 54 55 56 57 58 59 60 61 62 63 64 65 66 67 68 69 70 71 72 73 74 75 76 77 78 79 80 81 82 83 84 85 86 87 88 89 90 91 92 93 94 95 96 97 98 99 100 101 102 103 104 105 106 107 108 109 110 111 112 113 114 115 116 117 118 119 120 121 122 123]
never:[2 3 4 5 6 7 8 9 10 11 12 13 14 15 16 18 19 20 21 22 23 24 26 27 28 29 30 31 32 34 35 37 38 39 40 41 42 43 44 45 46 47 48 49 50 51 52 53 54 55 56 57 58 59 60 61 62 63 64 65 66 67 68 69 70 71 72 73 74 75 76 77 78 79 80 82 83 84 85 86 87 88 89 90 91 92 93 94 95 96 97 98 99 100 101 102 103 104 105 106 107 108 109 110 111 112 113 115 116 117 118 119 120 121 122 123]
nothing:[3 4 5 6 7 8 9 10 11 12 13 14 15 16 17 19 20 21 22 23 24 25 26 27 28 30 32 33 34 36 37 38 41 42 43 44 45 46 48 49 50 51 52 53 54 55 56 58 59 60 61 62 63 64 65 66 67 68 69 70 71 72 73 74 75 76 77 78 79 81 82 83 84 85 86 87 89 90 91 92 93 94 95 96 97 98 99 100 101 102 103 104 105 106 107 108 109 110 111 112 113 114 115 116 117 118 119 120 121 122]
next:[1 2 3 4 6 7 10 12 13 14 15 16 17 19 20 22 23 25 26 27 29 30 32 33 34 35 38 39 40 41 42 43 44 45 48 49 51 52 54 56 59 60 61 62 65 66 68 69 70 71 72 73 74 75 76 77 78 79 84 85 86 89 90 92 93 94 98 99 102 103 104 106 107 108 109 110 111 112 114 115 116 117 118 119 120 122 123]
nor:[1 4 6 7 8 11 12 14 16 19 20 21 22 25 27 29 31 32 34 35 38 40 41 42 43 44 45 46 48 49 51 53 54 56 57 59 60 61 62 63 64 65 66 67 68 69 70 71 72 73 74 75 76 77 78 79 80 81 82 83 84 85 86 87 88 89 90 91 92 93 94 95 96 97 98 99 100 101 103 104 107 108 109 114 120 121]
near:[3 6 8 10 11 12 16 17 19 25 29 30 31 33 34 35 37 44 45 47 48 50 51 54 58 59 60 61 62 63 64 65 66 67 68 69 70 71 72 73 74 75 76 77 78 79 80 81 82 83 84 85 86 87 88 89 90 91 92 93 94 95 96 97 98 99 100 101 103 104 106 107 108 109 110 111 113 114 116 121 122]
night:[5 7 9 10 14 15 16 17 20 25 33 40 43 44 45 50 52 53 54 56 59 60 61 62 63 64 65 66 67 68 69 70 71 72 73 74 76 77 78 79 80 81 82 83 84 85 86 87 88 89 90 91 92 93 94 95 96 97 98 99 100 101 103 104 105 106 107 109 110 111 112 114 115 116 117 118 119 120 121 122]
name:[1 9 12 14 20 21 22 24 27 33 35 37 40 41 43 44 45 46 49 50 53 54 55 56 59 60 61 62 63 65 66 67 68 69 70 71 72 73 74 76 77 78 79 81 82 83 84 85 86 88 89 90 91 92 94 95 96 97 98 99 100 103 107 110 111 112 113 114 115 116 117 119 120 121 122]
need:[12 17 21 22 24 26 27 29 31 37 41 44 46 47 48 56 57 59 60 61 62 63 64 65 66 68 69 70 71 72 73 74 76 77 78 79 80 81 82 83 84 85 86 87 88 89 90 92 93 94 95 96 97 98 99 101 105 106 110 111 112 113 114 115 116 117 118 119 120 122 123]
new:[1 2 9 12 13 16 17 22 24 25 26 28 29 40 41 42 47 59 60 61 63 64 65 66 67 70 71 72 73 75 76 78 79 82 84 85 86 87 88 89 90 92 93 94 95 96 97 100 101 102 103 104 105 106 109 110 111 112 113 114 115 117 118 119 120 121 122]
neither:[6 8 9 12 14 19 20 21 25 27 29 31 34 35 41 42 43 44 46 48 49 51 53 55 56 59 60 61 62 64 65 66 67 68 69 70 71 72 73 74 75 76 78 79 80 81 82 83 84 85 86 87 88 89 92 93 94 95 96 97 99 101]
nearly:[4 19 26 30 33 39 41 59 60 61 62 63 64 65 66 67 69 70 71 72 73 74 75 76 77 79 80 82 83 85 87 88 89 90 92 93 95 99 101 103 105 108 109 111 114 115 116 117 122 123]
news:[1 7 15 18 21 23 26 37 43 44 45 46 47 50 60 61 62 63 64 65 67 68 69 70 71 72 73 76 77 79 80 81 82 83 84 85 86 87 89 90 91 94 95 96 101 104 111 114 115 116]
none:[1 4 14 19 26 27 30 31 41 45 48 49 51 52 55 56 60 61 65 66 68 69 70 71 72 73 74 76 77 78 79 80 82 83 84 85 86 87 88 89 90 93 94 96 97 100 101 102 103]
noticed:[13 32 43 44 47 49 53 55 61 63 64 65 66 67 68 70 71 73 74 77 84 89 92 95 98 101 102 103 104 105 107 108 109 110 112 113 115 117 118 119 120 121 122 123]
notice:[6 8 10 13 14 16 17 20 24 26 33 39 48 57 59 60 61 62 69 71 73 74 80 83 85 89 92 99 102 103 105 109 111 112 113 114 115 116 118 119 120 122]
north:[1 4 47 59 60 61 62 63 64 65 66 67 68 69 70 71 72 73 74 75 76 77 78 79 81 82 83 84 85 86 87 88 89 90 91 92 93 94 95 96 122]
nearer:[14 18 41 43 50 59 60 61 62 63 65 66 69 70 72 73 74 76 77 78 79 80 81 82 83 84 85 86 87 91 93 94 95 96 98 99 100 101 103 121]
noise:[14 26 59 61 63 64 65 66 69 70 71 72 74 75 78 79 82 83 84 87 88 89 91 93 95 96 97 98 99 100 101 103 108 109 112 114 115]
necessary:[5 7 10 13 14 16 17 20 27 28 29 30 31 36 40 43 44 45 48 49 50 54 55 56 59 61 67 74 84 105 108 111 117 119 120 122]
netherfield:[1 3 4 5 6 7 9 10 11 12 13 14 15 16 19 21 22 23 24 30 33 34 38 42 43 50 51 52 54 57 58]
nice:[13 28 37 49 56 59 61 67 68 72 77 79 83 84 92 93 94 95 97 98 99 100 101 109 112 113 114 117 119 121 122]
natural:[4 6 9 11 17 23 24 29 32 33 38 40 41 43 44 49 54 59 62 65 67 84 104 108 110 112 116 119 120 122]
narrow:[41 61 63 69 70 71 72 73 74 75 77 78 79 82 83 84 85 87 88 91 93 94 96 97 99 102 109 113 114]
needed:[21 48 52 59 60 68 70 71 72 73 74 76 79 80 81 82 83 85 86 90 93 94 95 96 99 104 115 118 121]
neck:[61 62 69 71 72 77 78 82 83 84 85 88 89 92 93 95 96 97 98 99 100 101 102 103 108 110 112 117]
names:[7 15 16 27 31 54 66 67 69 71 72 73 76 77 80 84 86 87 89 90 91 92 93 96 99 113 116]
nonsense:[1 2 4 10 11 17 61 64 66 70 71 83 94 96 102 107 111 112 113 114 115 116 117 118 119 120 122]
nine:[6 36 59 60 61 66 70 71 72 73 77 84 85 86 89 91 93 96 97 99 103 104 106 109 111 117]
nobody:[3 9 12 18 27 29 35 37 38 44 56 57 59 67 68 69 77 84 89 99 102 104 109 110 112 117]
northern:[26 40 43 66 67 69 71 72 73 74 75 76 77 78 79 82 86 87 88 89 91 93 95 96 97 99]
neighbourhood:[1 3 7 8 9 12 14 17 24 28 30 34 39 41 44 47 48 50 59 60 69 91 104 113 122]
nature:[5 6 12 13 15 17 19 20 23 31 33 39 41 42 43 45 53 91 101 103 107 116 117 120]
number:[3 16 26 44 59 60 67 68 69 71 73 75 82 83 84 85 102 106 109 111 114 116 120 123]
nay:[6 7 10 17 22 39 44 54 65 72 77 78 79 81 82 85 86 87 88 90 95 96]
nights:[61 67 69 71 72 73 78 79 82 85 86 88 89 91 92 93 95 103 115 117 119 122]
noble:[3 8 14 17 27 51 53 54 57 63 71 72 77 86 89 90 93 96 103 105 117 121]
northward:[40 50 63 64 66 69 76 77 79 80 81 82 83 84 85 86 87 88 92 94 96 99]
note:[7 9 24 44 62 70 77 84 85 96 102 104 107 109 111 112 113 114 117 120 121 122]
notion:[6 19 29 41 42 54 56 60 61 62 64 83 91 94 103 106 113 115 120]
nose:[43 59 62 69 74 85 89 92 93 94 95 97 102 106 114 119 121 123]
noon:[25 42 64 65 66 69 72 74 75 76 78 79 82 84 86 88 95]
nearest:[33 34 41 47 53 61 66 69 70 73 84 92 93 95 109 115]
needs:[60 61 66 70 72 73 78 80 82 92 95 96 103 105 117 120]
neighbours:[14 16 23 44 48 50 52 53 54 71 84 90 107 112 113 119]
nigh:[59 68 70 72 73 74 75 77 78 86 87 90 93 95 96 97]
neighbour:[3 4 5 6 21 26 28 52 59 61 84 90 113 114 122]
nervous:[1 18 23 58 102 103 104 106 110 111 113 114 116 117 120]
nightfall:[61 66 67 69 70 73 74 76 82 84 87 88 90 92]
nodded:[61 63 65 69 74 78 86 89 93 95 112 115 118 120]
nastasya:[104 106 107 109 110 111 112 113 114 115 116 118 119]
necessity:[14 19 24 30 33 35 41 43 44 72 103 107 121]
noticing:[32 68 93 104 105 106 114 115 116 119 120 121 122]
nameless:[64 65 72 74 80 85 87 96 97 98 99 101]
naught:[64 66 70 71 72 81 84 86 87 88 92 96]
nephew:[14 16 29 33 53 54 55 57 58 59 71 72]
nowhere:[6 59 67 71 73 74 84 92 102 103 105 108]
nasty:[37 59 60 79 83 92 93 97 98 101 120]
naturally:[13 18 33 42 44 45 47 52 55 117 119]
named:[41 69 70 72 74 82 90 95 96 97]
nearby:[69 77 79 83 84 85 86 89 96 98]
nonetheless:[72 79 80 82 85 86 87 88 95 96]
naked:[66 70 73 74 79 85 92 93 113]
niece:[25 35 41 42 43 45 46 47 49]
nieces:[2 7 13 23 27 43 45 47 51]
northwards:[66 70 72 78 82 84 88 94 96]
nowadays:[41 67 71 84 101 103 105 111 114]
nails:[79 83 88 101 103 108 118 119]
neglect:[2 8 20 29 34 43 44 54]
noises:[59 64 65 66 73 78 89 96]
notes:[43 72 73 76 83 88 113 114]
numbers:[59 60 72 75 87 110 114 120]
numerous:[19 45 63 67 102 103 109 110]
necks:[66 76 79 82 93 96 97]
nodding:[62 76 78 79 92 95 113]
noose:[90 92 107 108 109 112 121]
notched:[70 71 75 87 88 99 108]
nail:[80 91 101 109 114 120]
needless:[10 13 24 65 77 86]
nerves:[1 2 18 102 109 120]
net:[8 61 77 82 85 100]
newly:[82 90 95 98 109 114]
nicely:[37 85 93 95 103 104]
nmenor:[69 72 79 80 96 97]
noiselessly:[88 107 108 115 120 121]
noisy:[13 39 48 64 74 117]
noticeable:[60 102 107 108 109 119]
november:[12 30 42 45 52 73]
nuisance:[59 72 73 74 83 112]
needlessly:[12 77 80 90 96]
neednt:[71 95 115 120 123]
nick:[72 85 95 108 115]
noisily:[60 76 82 84 108]
novelty:[11 25 27 40 44]
nassty:[92 95 98 100]
nastasyas:[107 112 116 121]
nazgol:[83 85 91 101]
neatly:[69 97 108 121]
necessarily:[9 19 53 58]
negative:[17 40 47 117]
neglected:[27 57 91 95]
neighing:[70 82 83 99]
nephews:[28 29 53 57]
nikodim:[109 111 115 120]
nikolay:[112 114 120 121]
normal:[102 118 120 122]
northwest:[66 74 82 87]
noses:[61 66 69 114]
nostrils:[75 85 86 93]
noted:[84 94 96 119]
nought:[65 79 85 95]
nut:[61 63 84 94]
nan:[84 88 89]
nave:[105 118 122]
neighbouring:[50 58 106]
nest:[70 73 111]
nestled:[65 66 111]
netted:[61 64 71]
neva:[103 106 110]
newcastle:[48 49 50]
newcomers:[67 83 103]
newspaper:[30 108 110]
nightmare:[63 83 93]
nimrais:[72 96 97]
ninety:[59 104 105]
nob:[67 68 69]
nod:[61 64 67]
nods:[26 61 63]
noiseless:[76 110 121]
nonsensical:[8 16 38]
northfarthing:[60 73 95]
northgate:[63 66 69]
notches:[92 102 108]
nothingness:[6 71 101]
notions:[13 42 54]
notorious:[117 118 119]
nows:[83 96 100]
nursing:[8 101 113]
n:[78 107]
naming:[41 94]
namri:[76 78]
nap:[64 103]
nape:[97 108]
napkin:[106 115]
napoleon:[120 121]
napping:[93 99]
nargothrond:[74 77]
narrower:[79 87]
narrowly:[23 55]
naur:[73 74]
navely:[115 118]
needle:[107 115]
neglecting:[16 44]
neigh:[67 74]
neldoreth:[69 84]
nen:[78 79]
nets:[72 82]
nevertheless:[76 88]
newcomer:[108 113]
newer:[69 95]
nibbled:[78 93]
nibbling:[59 84]
niche:[96 97]
nickname:[84 109]
nightbreeze:[82 83]
nighteyes:[79 83]
nightmarch:[73 95]
nightshade:[69 82]
nightshadows:[64 74]
nimbly:[73 85]
nimrodel:[76 79]
nin:[78 101]
nind:[7 44]
ninetynine:[59 60]
nmenoreans:[72 96]
nno:[113 118]
nobility:[103 104]
nobodys:[29 69]
noi:[16 38]
noisome:[93 99]
nomanlands:[78 93]
northeast:[66 73]
northend:[75 92]
northerly:[73 82]
northernmost:[74 87]
northmost:[72 94]
northwestward:[82 87]
nosing:[60 65]
notch:[92 100]
nothings:[13 95]
numb:[100 108]
numbered:[75 95]
nuptials:[47 54]
nurse:[90 93]
nuzzled:[74 85]
na:[70]
nachaered:[71]
nag:[106]
nags:[106]
nai:[78]
nailed:[107]
nailknife:[97]
nailparing:[79]
naith:[76]
nakedness:[76]
nallon:[101]
nameday:[122]
namehis:[117]
namethat:[50]
nanduhirion:[73]
nantasarion:[84]
naples:[122]
napoleons:[120]
nar:[101]
narrative:[33]
narrowed:[101]
narrowest:[41]
narrowminded:[22]
narrows:[87]
narsil:[72]
narvi:[74]
nastasyahe:[117]
nastiness:[107]
nasturtiums:[59]
natalya:[111]
national:[123]
natives:[73]
naturalness:[120]
naturehow:[112]
navel:[116]
nazg:[72]
nazgl:[72]
nazgolah:[83]
nd:[59]
neared:[95]
nearness:[30]
neat:[26]
neatness:[26]
necessarywhich:[35]
necked:[67]
necromancer:[72]
nectarines:[43]
needful:[78]
needing:[91]
needlework:[10]
neekbreek:[69]
neekerbreekers:[69]
nef:[71]
negatived:[10]
negligence:[28]
negligent:[45]
neighbourhoods:[9]
neighed:[86]
nenya:[77]
nephewmy:[53]
nerve:[120]
nestling:[67]
nests:[60]
nether:[71]
netting:[8]
nettled:[43]
nettles:[64]
netweavers:[82]
network:[93]
neveror:[80]
neverthose:[109]
newawakened:[86]
newest:[23]
newlyborn:[42]
newopened:[82]
newrisen:[86]
newspapers:[114]
newsprouting:[95]
newton:[120]
nextdoor:[59]
nezhin:[122]
ngaurhoth:[74]
nicest:[37]
nicety:[72]
nicholls:[11]
nichols:[50]
nigger:[105]
nightair:[69]
nightcap:[45]
nightchill:[76]
nightguards:[94]
nighthours:[69]
nightingale:[69]
nightlands:[97]
nightly:[65]
nightnoises:[70]
nightpools:[97]
nightspeech:[76]
nightwaters:[97]
nightwind:[76]
nihil:[122]
nikiforovna:[111]
nikolaevsky:[110]
nikolays:[112]
nimbrethil:[71]
nimrodelcurse:[76]
nimrodels:[76]
nindalf:[78]
nineteen:[105]
ninnyhammer:[92]
ninnyhammers:[92]
ninth:[88]
niphredil:[76]
nli:[75]
nmenorean:[71]
noahs:[109]
noakes:[59]
nobleman:[122]
noblemen:[103]
nobler:[41]
noblest:[48]
nobll:[68]
nobly:[104]
nobs:[68]
nogothrim:[74]
nohow:[92]
noisethe:[6]
noit:[14]
noldor:[91]
nominally:[13]
nonchalance:[109]
nonchalant:[112]
nonsensewords:[64]
nonsensically:[64]
noodles:[92]
nook:[92]
nooks:[59]
noonbell:[72]
noonmeal:[66]
noonup:[95]
nori:[71]
norland:[71]
normally:[120]
noro:[70]
northborders:[82]
northeastwards:[70]
northerland:[78]
northerners:[83]
northrealm:[72]
noser:[95]
notea:[112]
noteswhat:[114]
noteworthy:[120]
nothingdont:[118]
nothingtea:[112]
nothis:[44]
noti:[43]
noticeably:[120]
nourishes:[9]
nourishing:[89]
novel:[117]
novels:[12]
novelties:[113]
novembre:[75]
novice:[109]
novices:[121]
nowall:[110]
nowcame:[66]
nowhy:[25]
nowlets:[71]
nowsimply:[118]
nowt:[92]
nrnen:[94]
ntes:[118]
ntim:[78]
nu:[78]
nuisances:[80]
numbed:[110]
numberless:[78]
numbskulls:[92]
nuncle:[70]
nunnery:[118]
nurses:[64]
nuts:[106]
