so:[1 2 3 4 5 6 7 8 9 10 11 12 13 14 15 16 17 18 19 20 21 22 23 24 25 26 27 28 29 30 31 32 33 34 35 36 37 38 39 40 41 42 43 44 45 46 47 48 49 50 51 52 53 54 55 56 57 58 59 60 61 62 63 64 65 66 67 68 69 70 71 72 73 74 75 76 77 78 79 80 81 82 83 84 85 86 87 88 89 90 91 92 93 94 95 96 97 98 99 100 101 102 103 104 105 106]
said:[1 2 3 4 5 6 7 8 9 10 11 12 13 14 15 16 17 18 19 20 21 22 23 24 25 26 27 29 30 31 32 33 34 35 36 37 38 39 40 41 42 43 44 45 46 47 48 49 50 51 52 53 54 55 56 57 59 60 61 62 63 64 65 66 67 68 69 70 71 72 73 74 75 76 77 78 79 80 81 82 83 84 85 86 87 88 89 90 91 92 93 94 95 96 97 98 99 100 101 102 103 104 105 106]
such:[1 2 3 4 5 6 7 8 9 10 11 12 13 14 15 16 17 18 19 20 21 22 23 24 25 26 27 28 29 30 31 32 33 34 36 37 38 39 40 41 42 43 44 45 46 47 48 49 50 51 52 53 54 55 56 57 58 59 60 61 62 64 65 66 67 68 69 70 71 72 73 74 75 76 77 78 79 80 81 82 84 85 86 87 88 89 90 91 92 93 94 95 96 97 98 99 100 101 102 103 104 105 106]
should:[1 2 4 5 6 7 8 9 10 11 12 13 14 15 16 17 18 19 20 21 22 23 24 25 27 28 29 30 31 32 33 34 35 36 37 38 39 40 41 42 43 44 45 46 47 48 49 50 51 52 53 54 55 56 57 59 60 61 62 63 64 65 66 67 68 69 70 71 72 73 74 75 76 77 78 79 80 81 82 83 84 85 86 87 88 89 90 91 92 93 94 95 96 97 98 99 100 101 102 103 104 105]
say:[1 2 3 4 5 6 7 8 9 10 11 12 13 14 15 16 17 18 19 21 22 23 24 25 26 27 29 30 31 32 33 34 36 37 38 39 41 42 43 44 45 46 48 49 50 51 52 53 54 55 56 57 58 59 60 61 62 63 64 65 66 67 68 69 70 71 72 73 74 75 76 77 78 79 80 81 82 83 84 85 86 87 88 89 90 91 92 93 94 95 96 97 98 99 100 101 102 103 104 105 106]
soon:[1 2 3 4 6 7 8 9 10 11 12 13 14 15 16 17 18 19 20 21 22 24 25 26 27 28 29 30 31 32 33 34 35 37 38 39 40 41 42 43 44 45 46 47 48 49 50 51 52 53 54 55 56 57 58 59 60 61 62 63 64 65 66 67 68 69 70 71 72 73 74 75 76 77 78 79 80 82 83 84 85 86 87 88 89 91 92 93 94 95 96 97 98 99 100 101 102 103 104 105 106]
see:[1 3 4 5 6 7 8 9 10 12 13 15 16 18 19 20 21 22 23 24 25 26 27 28 29 30 31 32 33 34 35 36 37 39 40 41 42 43 44 45 46 48 49 50 51 52 53 54 55 56 57 58 59 60 61 62 63 64 65 66 67 68 69 70 71 72 73 74 75 76 77 78 79 80 81 82 83 84 85 86 87 88 89 90 91 92 93 94 95 96 97 98 99 100 101 103 104 105 106]
some:[1 3 5 6 7 8 9 10 11 12 13 14 15 16 17 19 20 22 23 24 26 27 28 29 30 31 32 33 34 36 37 38 39 40 41 42 43 44 45 46 47 48 49 50 51 52 53 54 55 56 58 59 60 61 62 63 64 65 66 67 68 69 70 71 72 73 74 75 76 77 78 79 80 81 82 83 84 85 86 87 88 89 90 91 92 93 94 95 96 97 98 99 100 101 102 103 104 105 106]
shall:[2 3 4 6 7 8 9 10 11 12 14 15 16 17 18 19 20 22 24 25 27 29 33 35 36 37 38 39 41 43 44 45 46 47 48 49 50 51 52 53 54 55 56 57 58 59 60 61 62 63 64 65 66 67 68 69 70 71 72 73 74 75 76 77 78 79 80 81 82 83 84 85 86 87 88 89 90 91 92 93 94 95 96 97 98 99 100 101 102 103 104 105 106]
still:[1 3 4 6 7 8 10 11 12 13 14 16 19 20 22 23 24 26 29 30 31 32 33 34 35 38 39 40 41 42 43 44 45 46 47 48 49 50 51 52 53 55 56 57 58 59 60 61 62 63 64 65 66 67 68 69 70 71 72 73 74 75 76 77 78 79 80 81 82 83 84 85 86 87 88 89 90 91 92 93 94 95 96 97 98 99 100 101 102 103 104 105 106]
saw:[3 4 5 6 7 8 10 11 12 16 18 19 20 22 23 24 26 27 28 29 30 31 32 33 34 37 38 39 41 42 43 44 46 47 48 49 50 51 52 53 55 56 57 58 59 60 61 62 63 64 65 66 67 68 69 70 71 72 73 74 75 76 77 78 79 80 81 82 83 84 85 86 87 88 89 90 91 92 93 94 95 96 97 98 99 100 101 103 105 106]
speak:[3 4 9 10 11 12 13 14 15 16 17 18 21 22 23 24 26 27 29 30 31 32 34 35 38 39 40 41 42 43 44 45 48 49 50 52 53 55 56 57 58 59 60 61 62 63 64 65 66 67 69 70 71 72 73 74 75 76 77 78 79 80 81 82 83 84 85 86 87 88 89 90 91 92 93 94 95 96 97 98 99 100 101 103 105]
she:[1 2 3 4 5 6 7 8 9 10 11 12 13 14 15 16 17 18 19 20 21 22 23 24 25 26 27 28 29 30 31 32 33 34 35 36 37 38 39 40 41 42 43 44 45 46 47 48 49 50 51 52 53 54 55 56 57 58 59 61 62 65 66 67 69 71 73 74 76 77 78 82 84 85 86 93 96 100 101 102 103 104 105 106]
something:[1 2 5 7 8 9 10 11 12 13 14 15 16 19 22 23 24 25 29 30 31 36 37 38 39 40 41 42 43 44 45 46 48 49 50 51 56 59 60 61 62 63 64 65 66 67 68 69 70 71 72 73 74 75 76 77 78 79 80 81 82 83 84 85 86 89 91 92 93 94 95 96 97 98 99 100 101 102 103 104 105 106]
seen:[3 4 7 9 11 12 13 14 16 19 23 24 25 26 27 28 29 30 33 37 39 40 41 42 43 44 46 49 50 51 52 55 56 59 60 61 62 63 64 65 66 67 68 69 70 71 72 73 74 75 76 77 78 79 80 81 82 83 84 85 86 87 88 89 90 91 92 93 94 95 96 97 98 99 100 101 102 103 104 105 106]
side:[10 11 12 13 15 16 18 22 23 24 25 26 27 28 30 33 34 37 39 41 42 43 44 46 47 48 49 50 51 53 54 59 60 61 62 63 64 65 66 67 68 69 70 71 72 73 74 75 76 77 78 79 80 81 82 83 84 85 86 87 88 89 90 91 92 93 94 95 96 97 98 99 100 101 102 104 105 106]
seemed:[3 5 11 12 14 16 20 22 24 26 27 28 29 30 31 32 33 35 41 42 43 44 45 47 48 50 51 53 54 59 60 61 62 63 64 65 66 67 68 69 70 71 72 73 74 75 76 77 78 79 80 81 82 83 84 85 86 87 88 89 90 91 92 93 94 95 96 97 98 99 100 101 102 103 104 105 106]
since:[1 6 8 9 12 14 15 16 17 18 19 20 23 24 32 33 36 37 39 40 41 42 43 44 45 47 48 49 50 52 55 57 59 60 61 62 63 65 66 68 69 70 71 72 73 74 76 77 78 79 80 81 82 83 84 85 86 87 88 89 90 91 92 93 94 95 96 97 98 99 100 101 103 104 105 106]
same:[4 6 8 9 10 11 12 13 14 16 18 19 20 22 23 24 29 30 31 33 36 37 39 41 42 45 47 49 50 51 52 53 54 55 59 60 61 62 63 65 66 67 68 69 70 71 72 73 74 75 76 77 78 79 81 82 83 84 86 88 90 92 93 94 96 97 99 100 101 102 103 104 105]
set:[3 7 12 14 16 17 20 22 24 30 37 39 40 41 42 43 44 45 47 48 53 54 55 56 57 59 60 61 62 63 64 65 66 68 69 70 71 72 73 74 75 76 77 78 79 80 81 82 83 84 85 86 87 88 89 90 91 92 93 94 95 96 97 98 99 101 102 103 104 105 106]
spoke:[2 4 5 12 16 17 19 21 23 27 28 29 30 31 32 33 34 38 39 41 42 43 44 51 52 53 56 57 59 60 61 62 63 64 65 66 67 68 69 70 71 72 73 74 75 76 77 78 79 80 81 82 83 84 85 86 87 88 89 90 92 93 94 95 96 97 99 100 103 104 105]
sure:[1 2 4 5 6 7 8 9 12 13 16 17 18 19 20 21 23 24 27 30 35 37 38 39 41 42 43 44 46 47 48 49 50 52 54 55 56 57 58 59 60 61 62 63 64 65 66 67 68 69 71 73 76 77 78 79 80 82 84 85 86 91 92 93 95 96 100 101 103 104 105]
short:[5 8 9 12 14 15 16 17 19 20 22 24 25 26 30 32 36 40 41 43 45 46 48 50 51 52 53 54 55 59 60 61 62 63 64 65 66 67 69 70 72 73 74 76 77 78 79 80 81 82 83 84 85 86 87 88 89 90 91 92 95 96 97 98 99 100 102 103 104]
silence:[4 9 10 11 16 17 18 19 27 28 30 31 32 36 41 43 45 50 51 52 53 55 59 60 61 62 63 64 65 66 67 68 69 71 72 73 74 75 76 77 78 79 80 82 84 85 86 87 88 89 90 91 92 93 94 95 96 97 98 99 100 101 102 103 104]
sat:[3 5 8 11 16 17 27 28 29 30 32 37 43 48 49 50 52 53 54 55 56 59 60 61 62 63 64 65 67 68 69 70 71 72 73 74 76 77 78 79 80 82 83 84 85 86 87 88 89 90 91 92 93 94 95 96 97 98 99 101 102 103 104 105]
suppose:[5 6 7 10 11 12 16 19 22 23 24 27 29 30 31 32 33 38 39 41 43 44 45 46 48 49 50 51 53 54 55 57 59 60 61 63 64 66 67 68 69 71 72 73 74 75 79 80 83 84 85 89 90 91 92 94 95 98 99 101 103 105 106]
seeing:[4 6 7 8 9 11 12 13 14 15 16 17 19 21 22 23 24 25 26 28 29 31 33 34 37 38 40 41 42 43 44 47 49 50 51 53 54 56 59 61 62 64 65 67 69 71 72 73 76 77 79 80 88 90 93 97 99 101 102 103 104]
suddenly:[2 11 13 16 30 32 36 41 43 52 53 54 59 60 61 62 63 64 65 66 67 68 69 70 71 72 73 74 75 76 77 78 79 80 81 82 83 84 85 86 87 88 89 90 91 92 93 94 95 96 97 98 99 100 101 102 103 104 105 106]
small:[5 8 14 17 18 20 26 27 28 32 36 40 42 46 53 59 60 61 62 63 64 65 66 67 69 70 71 72 73 74 75 76 77 78 79 80 81 82 83 84 85 86 87 88 89 90 91 92 93 94 95 96 97 98 99 101 102 103 104]
silent:[6 10 12 14 16 17 18 21 22 32 36 39 43 46 50 51 56 57 59 60 61 63 64 65 66 67 68 69 70 71 72 73 74 75 76 77 78 79 80 81 82 83 84 85 86 87 88 89 90 91 93 94 96 97 98 99 101 102]
stood:[6 14 16 18 41 42 51 56 57 59 60 61 62 63 64 65 66 67 68 69 70 71 72 73 74 75 76 77 78 79 80 81 82 83 84 85 86 87 88 89 90 91 92 93 94 95 96 97 98 99 100 101 102 103 104 105 106]
sister:[4 6 7 8 9 10 11 12 13 14 16 19 21 22 23 24 25 26 28 29 30 31 32 33 34 36 37 38 39 40 41 42 43 44 45 46 47 48 49 50 51 52 53 54 55 56 57 58 59 86 88 97 102 103 104 105]
sight:[3 6 13 21 26 27 33 41 42 44 50 52 54 57 59 61 64 66 67 68 69 70 71 72 73 74 76 77 78 79 80 82 83 84 85 86 87 88 89 90 91 92 93 94 95 96 97 98 99 100 101 103 104 105 106]
seems:[7 8 9 12 14 18 23 25 30 31 36 44 48 49 50 54 59 60 61 63 64 68 69 70 71 72 73 74 75 76 77 78 79 80 81 82 83 84 85 86 87 88 89 90 91 92 94 96 97 98 99 101 103 104]
second:[2 3 4 5 11 16 17 19 24 25 26 27 31 34 37 39 43 45 51 58 59 60 61 62 63 65 67 68 69 71 72 73 74 75 76 79 80 84 85 86 87 88 89 90 91 92 93 95 96 97 100 101 104]
sort:[8 9 10 12 14 16 17 21 22 23 24 25 26 30 31 32 33 34 35 36 38 39 40 42 56 59 60 61 62 63 64 66 67 68 69 71 73 74 75 79 83 84 89 92 93 96 99 102 103 104 105 106]
stay:[7 8 10 12 17 19 20 24 26 35 37 39 41 43 44 46 48 50 52 56 58 59 60 61 62 63 66 67 68 69 72 73 76 77 78 79 80 82 84 85 86 87 88 89 90 92 93 98 99 100 103 104]
surprise:[4 7 10 13 15 16 17 20 28 30 32 33 37 38 41 42 43 44 47 49 50 52 54 55 59 60 61 62 63 64 65 66 67 68 71 72 73 74 75 76 80 83 85 89 91 92 94 95 96 100 101 102]
strange:[6 10 14 21 27 38 41 46 48 54 59 60 61 62 63 64 65 66 67 68 69 70 71 72 73 76 77 78 79 80 81 82 83 84 85 86 87 88 89 90 91 92 93 94 95 96 98 99 103 105 106]
strong:[9 11 20 22 23 24 30 31 32 33 34 37 38 40 55 59 60 61 64 65 66 68 69 70 71 72 73 74 76 77 78 80 81 82 84 85 86 87 88 89 90 92 93 94 95 96 97 99 100 102 104]
speaking:[3 5 6 10 14 15 16 17 22 24 27 28 29 31 38 48 50 56 57 60 61 65 67 69 70 71 72 73 74 75 76 77 78 80 84 86 87 90 92 93 95 96 98 99 100 101 102 103 104]
sitting:[3 9 11 14 21 26 27 29 30 34 41 43 48 52 53 56 59 60 61 62 63 65 67 68 69 70 71 72 73 76 78 80 81 82 83 84 86 88 89 91 92 94 96 97 98 102 103 104]
slowly:[10 41 59 60 61 62 63 64 65 66 67 68 69 70 71 72 73 74 75 76 77 78 79 80 81 82 83 84 85 86 87 88 89 90 91 92 93 94 95 96 97 98 99 100 101 102 104 105]
saying:[6 9 14 15 16 18 22 26 27 28 29 30 38 41 42 43 44 45 46 49 51 52 53 56 59 60 61 63 64 65 66 67 68 69 71 72 73 77 78 79 91 93 94 98 99 101 103]
seem:[5 12 24 30 36 41 43 44 47 59 60 61 62 63 64 65 67 68 69 70 71 72 73 74 75 76 77 79 80 82 83 84 85 86 87 88 89 90 91 94 95 96 97 99 101 103 104]
sense:[4 7 12 14 22 24 25 29 31 32 33 34 35 36 38 39 40 42 43 44 47 48 51 53 54 55 56 62 63 64 66 69 70 73 74 80 83 84 91 92 93 94 96 100 103 105]
sometimes:[4 6 8 10 12 14 17 18 19 21 23 24 25 30 31 33 40 41 42 43 49 50 52 56 57 59 60 61 65 66 68 69 73 74 79 84 92 93 95 96 98 100 102 104 105 106]
sound:[6 13 32 42 50 53 60 61 62 63 64 65 66 67 68 69 70 71 73 74 75 76 77 78 79 80 82 83 84 85 86 87 89 90 91 92 93 94 95 96 97 98 99 100 101]
standing:[3 7 13 16 26 41 44 52 59 61 62 63 64 66 67 68 69 70 71 72 73 74 75 76 78 79 81 82 83 84 85 86 87 89 90 91 92 93 97 98 100 102 103 105 106]
sudden:[9 13 24 26 34 43 55 57 59 61 62 64 65 66 67 68 69 70 71 72 73 74 75 76 77 79 80 81 82 83 84 85 86 87 88 91 92 98 99 100 102 103 104 105 106]
son:[14 16 27 28 31 33 34 41 42 47 50 53 54 55 56 59 60 61 68 69 70 71 72 73 74 75 76 77 78 79 80 81 82 85 86 87 88 90 94 95 96 97 101 105]
sorry:[2 11 12 14 16 23 24 25 29 32 33 35 36 38 39 43 46 47 49 50 55 56 59 60 62 63 66 67 68 71 74 76 81 89 91 93 95 97 98 99 100 103 104 106]
subject:[3 6 7 8 9 10 11 12 14 16 17 18 19 21 22 23 24 25 27 28 30 31 32 33 34 35 36 38 39 40 41 43 44 45 47 48 50 53 54 55 57 71 104 105]
settled:[3 6 7 8 11 12 13 16 17 20 22 25 26 27 28 30 33 38 41 42 43 44 45 46 47 48 49 50 52 56 63 65 67 68 73 84 92 93 95 96 98 104 105]
sent:[8 9 12 18 21 27 43 47 48 49 50 57 58 60 61 68 69 70 71 72 73 78 80 81 82 84 85 86 87 88 89 90 91 93 94 95 96 97 98 99 101 104]
sir:[1 3 5 6 7 9 12 16 17 18 20 21 22 24 25 26 27 28 33 41 45 46 50 53 57 60 61 62 63 66 67 68 69 71 72 88 96 99 101 102 103 105]
several:[3 5 6 12 16 17 23 26 29 32 41 43 47 49 50 55 59 60 61 62 63 64 67 68 69 71 72 73 74 75 79 81 83 84 89 90 91 92 96 99 104]
stone:[41 48 60 61 63 64 65 66 67 69 70 71 72 73 74 75 76 77 78 79 80 82 84 85 86 87 88 89 90 91 92 93 94 95 96 97 98 99 100 101 106]
sun:[59 60 61 62 64 65 66 67 68 69 70 71 72 73 74 75 76 77 78 79 80 81 82 83 84 85 86 87 88 89 90 91 92 93 94 95 96 97 98 100 102]
secret:[7 11 44 48 52 59 60 61 63 65 67 68 70 72 73 74 75 76 77 79 80 81 82 84 85 86 87 88 89 90 91 94 95 96 97 98 99 103 104 105]
sit:[3 6 11 14 23 25 45 48 51 52 53 56 57 58 59 64 65 67 68 69 70 72 73 74 78 79 82 83 84 85 86 88 89 92 95 96 97 99 101 105]
spring:[8 27 52 53 55 59 60 61 63 64 65 66 67 68 69 70 72 73 74 75 76 77 78 79 80 81 82 84 86 88 89 91 92 93 94 95 98 99 100 101]
save:[3 50 56 60 62 63 65 66 67 68 69 71 72 73 74 76 77 78 79 80 81 82 83 84 85 86 88 90 91 92 93 94 95 96 97 99 100 101 105]
shadow:[59 60 61 65 66 68 69 70 71 72 73 74 75 76 77 78 79 80 82 83 84 85 86 87 88 89 90 91 92 93 94 95 96 97 98 99 100 101 105]
sleep:[11 39 52 61 62 63 64 65 66 68 69 70 71 72 73 74 76 77 78 79 80 82 84 86 87 88 89 91 92 93 95 96 97 98 99 100 101 102 104]
spent:[2 3 6 10 11 13 14 21 23 26 28 35 36 37 39 41 43 45 52 56 58 60 61 69 70 72 73 74 75 76 81 83 84 85 87 89 96 103 105]
spoken:[8 12 14 16 19 23 26 27 31 38 41 43 50 57 61 71 72 73 74 75 76 77 81 82 83 85 87 90 91 93 94 96 97 98 99 100 101 103 104]
stand:[2 3 10 16 34 44 45 57 59 60 62 64 66 68 69 70 71 72 73 74 75 78 79 80 81 82 83 84 86 87 88 89 90 91 92 97 99 100 103]
sam:[59 60 61 62 63 64 65 66 67 68 69 70 71 72 73 74 75 76 77 78 79 80 81 82 84 85 89 91 92 93 94 95 96 97 98 99 100 101]
shadows:[60 61 64 65 66 67 68 69 70 71 72 73 74 75 76 77 78 80 81 82 83 84 85 86 87 88 89 90 91 92 93 94 95 96 97 98 99 101]
sky:[59 60 61 62 63 64 65 66 67 69 70 72 73 74 75 76 77 78 79 80 81 82 83 84 85 86 87 88 89 91 92 93 94 95 97 98 99 100]
smile:[9 11 14 16 18 24 29 30 31 32 35 38 39 41 43 48 49 50 51 54 56 59 60 65 67 68 71 72 73 79 85 86 91 96 102 103 104 105]
stopped:[14 16 26 28 33 41 59 60 61 62 63 64 65 66 67 68 69 70 71 72 73 74 75 76 79 80 83 84 89 92 93 96 97 99 101 102 103 106]
safe:[6 11 12 24 37 59 60 61 63 66 68 69 71 72 73 74 76 79 80 81 83 84 85 86 87 88 89 90 91 92 94 96 97 98 99 100 101]
south:[47 59 60 61 62 63 64 66 67 68 69 70 71 72 73 74 75 76 77 78 79 80 81 82 83 84 85 86 87 88 89 92 93 94 95 96 98]
straight:[60 61 62 63 64 65 66 69 70 71 72 73 74 75 76 78 82 83 84 85 86 88 91 92 93 94 95 96 98 99 100 101 102 103 104 105 106]
struck:[3 6 7 12 13 14 15 20 26 31 34 42 54 60 61 63 64 69 72 73 74 75 79 80 84 85 91 92 93 95 99 100 101 102 103 104 105]
spite:[4 6 9 13 14 17 18 23 27 32 43 49 50 52 54 57 58 61 62 67 68 71 72 75 76 78 88 92 95 100 101 102 103 104 105 106]
sprang:[36 59 60 61 62 64 65 66 67 69 70 71 73 74 75 76 77 78 79 80 81 82 83 84 85 86 87 88 91 92 93 95 96 99 100 101]
strength:[4 6 21 32 48 51 60 64 65 66 69 70 71 72 73 74 75 79 80 81 82 83 85 86 87 88 89 94 95 96 97 99 100 101 104 105]
surprised:[6 8 9 11 14 15 19 20 21 27 30 31 32 38 39 41 43 47 49 53 54 55 64 65 68 71 73 84 88 89 92 93 99 102 103 104]
shut:[2 31 36 49 52 59 60 61 63 64 65 66 67 68 69 70 71 72 73 74 75 76 77 79 83 85 89 90 91 92 93 95 96 98 101]
sign:[12 44 59 60 61 62 64 65 66 67 69 70 71 73 74 77 78 79 80 81 82 84 85 86 89 90 91 92 94 95 96 97 98 99 105]
sea:[39 60 61 63 64 65 66 67 69 70 71 72 74 76 77 78 79 80 81 82 83 84 85 86 87 88 91 92 93 94 95 96 98 100]
shoulders:[57 59 60 61 64 65 66 68 70 71 72 73 74 77 78 79 81 82 83 84 85 86 87 89 91 92 94 96 98 99 101 102 103 106]
slow:[41 60 61 62 63 66 67 68 70 72 73 74 75 76 79 81 83 84 85 86 87 88 89 90 91 93 94 95 96 98 99 100 101 106]
step:[3 6 18 20 39 41 42 43 44 45 49 59 60 61 62 64 69 72 74 75 76 84 85 86 87 89 90 92 93 94 99 100 102 103]
says:[1 5 7 9 10 12 19 26 37 45 50 54 59 61 62 64 68 70 71 72 73 75 78 82 84 89 90 93 94 97 99 103 105]
seldom:[21 22 24 26 30 35 37 41 45 51 59 60 61 66 67 68 71 72 73 74 76 77 79 82 84 86 87 89 90 94 95 96 100]
shining:[59 60 61 62 64 65 67 69 70 71 74 75 76 77 78 79 80 82 83 84 85 86 87 88 90 91 93 94 95 97 98 99 101]
sides:[34 43 51 53 57 61 62 64 65 66 69 71 72 73 74 75 76 78 79 80 81 82 83 85 86 88 91 93 94 95 97 99 101]
silver:[59 61 64 65 66 67 69 70 71 72 73 74 76 77 78 80 82 84 85 86 87 88 89 92 93 94 96 97 98 100 102 103 105]
situation:[4 7 9 14 17 18 19 20 21 22 25 27 30 33 35 36 40 43 45 46 47 49 51 52 53 54 55 56 58 67 89 103 104]
smiled:[4 6 9 10 12 16 26 29 35 41 48 50 51 52 59 61 65 70 71 72 76 77 78 81 82 84 86 90 93 96 99 101 103]
sooner:[6 11 18 19 20 21 23 26 41 43 49 59 60 62 63 69 71 72 73 74 76 81 82 84 85 86 88 91 92 95 96 99 101]
spirits:[3 9 12 13 14 15 16 24 25 26 31 32 35 36 38 39 41 44 45 47 48 49 50 51 52 54 55 57 61 62 70 74 103]
scarcely:[6 7 8 11 12 16 19 22 24 26 27 28 32 33 34 35 39 41 42 43 47 48 50 51 52 55 56 90 98 102 104 106]
single:[1 14 15 16 25 45 50 51 59 61 65 66 69 70 71 72 74 75 76 77 78 82 83 86 92 93 94 95 96 98 100 101]
speech:[8 11 16 18 25 46 49 52 59 61 67 69 70 72 74 76 77 79 80 82 83 84 85 86 87 88 89 94 95 96 98 103]
stars:[59 60 61 64 65 66 67 68 69 70 71 72 73 74 75 76 77 78 79 81 82 84 85 86 87 88 89 91 92 96 98 101]
send:[1 7 9 11 13 24 35 44 45 46 47 53 56 59 61 62 68 69 72 73 77 78 81 86 90 91 95 100 101 104 105]
sensible:[2 5 7 12 13 14 17 18 19 20 21 22 23 24 26 28 30 33 38 39 41 42 49 51 53 58 60 93 94 104 105]
shire:[59 60 61 62 63 64 65 66 67 68 69 70 71 72 73 74 75 76 77 79 80 84 89 90 92 94 95 97 99 100 101]
shook:[12 14 16 19 24 43 50 52 56 59 60 61 66 67 68 70 73 75 76 80 81 84 85 88 89 92 93 95 99 101 105]
show:[6 8 10 47 48 50 53 55 64 65 66 67 69 70 71 72 75 77 79 80 83 84 85 91 92 94 95 96 103 104 105]
soft:[59 60 61 62 64 65 69 70 71 72 73 74 76 77 79 83 84 85 86 89 90 92 93 94 95 96 97 98 100 101 103]
softly:[59 60 61 62 64 65 67 69 70 71 73 74 76 77 78 79 82 83 84 85 86 89 91 92 93 95 96 97 99 100 101]
song:[6 16 29 59 61 63 64 65 66 67 68 69 70 71 73 74 76 77 78 84 85 86 87 88 89 91 93 96 100 101 106]
supposed:[7 9 10 13 14 17 19 20 26 29 31 34 43 47 48 50 54 55 57 59 62 67 71 83 84 93 98 99 101 104 106]
swiftly:[59 60 64 65 66 69 70 71 72 74 75 76 79 80 81 82 83 85 86 87 88 89 91 92 94 95 96 97 98 99 100]
servants:[1 9 12 27 41 43 44 47 50 60 61 68 69 70 71 72 73 76 82 83 85 88 89 90 94 95 96 99 101 104]
singing:[8 16 59 61 62 64 65 66 67 69 71 72 73 74 76 77 78 82 83 84 85 86 87 89 91 94 95 101 103 106]
sisters:[1 3 4 5 6 7 8 9 12 14 15 16 19 21 22 25 27 30 33 37 39 41 42 45 48 50 52 53 58 104]
smoke:[59 60 61 64 67 69 70 71 72 73 74 75 77 78 80 82 83 84 85 86 87 88 89 90 92 93 94 95 100 103]
steps:[11 27 32 40 44 59 65 67 71 72 74 75 77 80 81 85 86 87 89 90 92 93 94 96 97 99 100 101 102 103]
stones:[63 65 66 69 70 73 74 75 76 78 79 81 82 83 85 86 87 88 89 90 91 92 93 94 95 96 98 99 100 101]
stream:[41 59 60 61 62 63 64 65 66 67 69 74 76 77 78 79 81 82 84 85 86 87 88 89 93 95 96 97 98 99]
shape:[10 56 60 61 62 63 65 66 71 72 74 76 77 79 81 85 87 88 90 91 92 93 95 96 97 99 100 105 106]
slept:[7 60 61 62 65 70 71 72 73 74 75 76 77 79 82 86 88 91 92 93 94 95 96 97 98 100 103 104 105]
swift:[64 65 66 69 70 71 72 73 74 76 77 78 79 80 81 82 83 85 86 87 88 90 91 92 93 95 96 97 101]
showed:[7 41 43 48 51 52 55 59 60 61 62 66 67 69 70 71 73 74 83 84 86 90 96 98 99 103 104 105]
slipped:[59 60 61 63 65 66 67 68 69 70 73 75 76 80 83 89 90 91 92 94 97 98 99 100 101 102 104 105]
started:[12 19 41 59 60 61 62 63 68 70 72 73 74 77 79 82 83 84 85 88 89 90 92 93 95 99 102 104]
stepped:[48 59 61 63 64 65 71 73 74 75 76 77 80 82 83 84 85 86 91 92 94 95 96 97 100 101 102 103]
stronger:[14 22 33 34 47 51 60 61 64 66 70 72 73 74 76 77 80 82 84 85 89 91 93 95 97 99 100 102]
summer:[14 22 25 27 31 33 35 37 38 40 41 43 53 61 65 71 72 76 78 79 80 82 84 93 101 102 103 106]
sword:[59 66 68 69 70 71 72 73 74 75 76 77 78 79 80 81 82 83 85 86 87 88 92 93 95 96 100 101]
sake:[2 3 9 16 17 21 22 24 25 27 28 31 41 44 47 49 55 56 58 60 61 68 70 85 103 104 105]
story:[3 16 20 21 22 34 44 59 60 62 65 67 68 69 70 71 72 84 85 88 89 90 94 96 99 103 104]
seek:[3 8 14 38 40 43 50 58 61 72 73 74 75 76 78 80 81 82 85 86 87 94 95 96 97 103]
speed:[47 61 64 65 66 70 73 74 75 78 81 82 83 84 85 86 87 88 89 91 92 93 94 98 100 101]
stairs:[8 24 25 41 42 47 54 65 74 75 76 77 80 86 88 89 90 91 92 94 97 98 99 101 102 103]
satisfied:[4 8 9 16 17 18 20 24 26 34 38 40 42 44 48 49 50 51 53 54 56 67 73 96 97]
serious:[6 11 12 15 16 17 24 32 33 39 43 44 45 49 50 56 57 59 63 65 70 74 89 99 102]
sharp:[38 43 59 60 62 65 66 67 70 73 74 75 78 79 83 84 88 90 92 93 97 99 100 101 102]
slopes:[61 63 64 65 67 69 70 72 74 76 77 78 79 80 81 82 83 84 85 87 88 90 92 93 95]
somehow:[5 31 59 60 61 64 66 67 68 69 70 71 77 84 89 92 93 94 95 96 97 98 99 101 102]
spare:[7 12 35 46 55 59 61 66 68 69 70 71 73 76 78 80 82 84 86 93 95 96 97 100 104]
stared:[2 12 16 32 41 59 63 67 68 69 73 74 75 76 79 80 82 88 89 91 92 96 97 98 105]
start:[32 43 59 60 61 62 63 64 65 66 67 69 70 72 73 74 79 80 81 83 84 92 103 105 106]
steep:[61 62 63 64 66 69 70 71 73 74 76 78 79 80 81 82 83 84 85 87 92 95 97 98 99]
sauron:[60 69 70 72 73 74 76 77 78 80 81 82 84 85 88 90 91 92 93 94 95 99 100 101]
shone:[59 60 63 65 66 69 70 71 72 73 74 75 76 77 78 79 82 85 86 88 89 99 100 102]
shouted:[59 60 61 63 64 67 69 74 75 79 80 82 83 85 86 87 89 92 93 101 102 103 105 106]
silently:[7 9 56 59 64 66 70 72 73 74 76 78 79 81 82 83 84 87 89 92 93 97 98 99]
six:[3 7 8 19 35 36 39 40 59 63 64 67 68 69 71 74 75 84 95 96 100 103 104 106]
spread:[21 47 53 59 65 67 74 75 77 79 81 84 85 87 88 89 91 92 95 96 99 100 101 104]
stony:[66 69 70 74 76 78 79 81 82 83 84 87 88 91 92 93 94 95 96 97 98 99 100 101]
sweet:[4 8 9 14 16 52 59 61 62 63 65 66 70 71 76 77 78 82 84 91 93 95 98 103]
sank:[62 64 66 67 69 70 71 72 74 76 82 84 85 86 93 94 96 97 101 102 103 105 106]
satisfaction:[12 14 19 20 28 30 33 35 37 40 42 43 44 45 46 47 48 49 50 52 53 56 77]
shaking:[12 39 59 60 62 66 67 68 69 70 72 74 77 79 87 90 92 93 99 103 104 105 106]
share:[1 6 11 14 27 29 33 43 46 48 49 55 56 61 70 73 74 86 88 89 93 94 104]
stretched:[39 60 61 62 64 66 67 69 71 74 82 84 86 87 88 89 92 93 95 96 97 98 103]
sad:[38 44 54 56 60 61 62 66 69 76 77 78 79 80 84 85 88 93 95 96 98 99]
self:[5 6 9 12 13 14 16 17 19 20 21 27 31 34 35 42 43 44 92 94 96 103]
setting:[40 53 61 64 65 66 70 72 73 74 79 83 84 85 86 87 96 97 99 102 104 106]
shoulder:[60 61 64 65 66 67 69 70 71 72 73 75 76 79 80 83 86 92 95 98 99 101]
space:[43 50 61 62 64 70 74 76 77 79 82 83 84 85 87 88 92 95 98 100 101 104]
spot:[13 41 43 47 57 61 67 68 70 72 74 76 79 80 81 82 85 89 92 99 101 104]
staring:[59 62 65 66 68 69 70 73 75 79 80 82 85 87 89 91 92 93 94 99 100 103]
state:[12 15 17 18 19 20 21 26 29 32 34 36 38 39 44 45 56 90 94 104 105 106]
stayed:[23 28 40 42 44 49 58 60 61 66 68 72 73 78 79 84 85 86 92 95 96 98]
stop:[17 21 22 33 59 60 62 64 67 69 71 73 77 80 83 84 87 91 92 97 100 101]
seated:[10 12 14 27 29 37 39 43 44 50 51 65 69 71 72 76 77 89 91 92 96]
seeking:[13 41 42 46 47 48 50 60 72 77 78 79 80 81 82 85 86 87 93 97 106]
sighed:[43 59 60 69 70 71 72 73 75 76 77 79 84 85 91 94 96 97 98 99 101]
sinking:[30 34 43 66 69 73 74 76 77 82 83 85 87 88 89 91 92 93 97 98 102]
slope:[61 62 64 66 67 69 70 73 76 81 82 83 84 85 91 93 95 96 98 99 100]
smooth:[60 64 66 70 71 74 75 76 77 79 82 84 87 89 91 92 96 97 99 100 104]
stair:[72 73 74 75 76 77 79 80 82 83 84 85 86 87 88 89 90 92 94 97 99]
stranger:[3 12 13 18 34 41 48 53 59 61 67 68 72 77 82 84 86 96 97 103 104]
strike:[16 41 44 49 60 62 64 65 66 69 71 73 74 79 82 85 90 92 95 103 104]
sunlight:[60 64 65 66 71 73 74 75 76 78 79 80 82 83 84 86 88 91 93 95 96]
seat:[27 43 47 49 50 62 68 70 71 72 75 79 80 81 85 86 96 99 105 106]
servant:[7 35 41 42 43 44 50 52 53 67 69 73 74 75 81 89 96 97 98 104]
service:[8 12 22 23 26 33 39 67 71 72 81 82 86 90 95 97 98 102 103 106]
sing:[6 16 27 59 61 62 63 64 65 67 69 70 71 76 78 81 84 86 87 100]
skill:[3 6 14 59 69 70 72 73 76 77 78 81 82 83 85 86 87 88 96 100]
spend:[4 11 18 19 23 25 27 30 37 40 41 50 59 72 74 84 85 91 92 105]
steadily:[14 37 39 60 61 62 64 65 66 69 70 73 74 79 84 85 92 96 98 100]
stiff:[59 61 62 64 70 71 73 74 76 82 84 85 86 88 89 91 92 93 100 103]
stirred:[62 65 66 69 70 72 73 75 76 77 78 79 82 83 85 90 92 94 99 100]
supper:[8 13 14 16 51 52 59 61 62 63 64 65 66 67 68 69 73 76 95 96]
sang:[10 59 61 65 66 67 70 74 77 78 79 80 81 82 84 85 86 88 96]
searching:[47 60 63 73 74 77 80 81 82 85 88 89 93 94 96 97 101 103 105]
seized:[43 51 59 64 66 69 70 71 74 83 89 95 96 97 98 101 103 105 106]
seven:[3 59 60 70 71 72 73 74 76 77 81 82 84 90 91 98 102 103 106]
silly:[1 7 22 39 50 51 52 57 58 59 67 68 72 80 93 95 98 99 103]
society:[6 9 12 13 14 15 19 20 21 22 27 30 33 36 42 50 57 58 103]
somewhere:[8 49 53 59 60 65 66 67 69 79 84 89 94 95 101 102 103 104 105]
sought:[15 16 29 39 52 60 69 70 71 72 73 74 77 86 93 94 95 101 103]
southern:[61 64 67 68 69 70 72 74 75 76 77 79 80 86 87 88 89 95 97]
southward:[69 70 73 74 76 78 79 80 82 84 85 86 87 91 93 95 97 98 99]
swept:[59 61 65 67 69 71 72 75 76 78 79 82 83 86 87 93 98 100 103]
swords:[65 66 69 70 71 72 73 74 75 76 81 82 83 86 87 93 94 95 99]
saruman:[60 72 73 74 77 80 81 82 83 84 85 86 87 88 89 90 91 94]
serve:[39 43 63 69 71 72 73 75 78 82 84 86 87 90 91 92 95 97]
sheer:[68 71 72 73 74 79 80 82 84 87 90 92 94 95 97 98 99 101]
somewhat:[3 16 18 34 42 43 45 66 72 79 85 86 88 89 96 102 103 104]
songs:[10 59 61 63 65 66 71 73 74 76 77 82 84 85 88 89 99 101]
sounds:[46 59 61 63 66 68 73 74 76 79 81 83 84 88 90 92 95 103]
southwards:[60 64 66 67 69 70 73 74 78 79 83 84 92 94 95 96 98 99]
star:[61 66 69 70 71 73 74 76 77 78 79 86 87 93 95 99 100 101]
steady:[4 12 16 20 21 22 27 33 40 46 64 67 69 74 83 84 89 97]
storm:[56 57 71 72 73 74 75 77 84 85 86 87 88 90 91 92 98 99]
struggled:[25 32 62 64 66 69 70 83 86 87 91 92 93 95 96 99 100 106]
search:[26 49 59 60 66 69 72 75 81 82 83 84 85 89 90 96 103]
shade:[11 16 61 64 68 69 72 73 74 76 79 84 86 95 98 99 103]
shapes:[59 64 66 69 70 72 73 74 76 79 83 84 87 88 91 93 94]
sick:[2 8 25 37 46 57 61 70 83 92 93 95 101 102 103 104 106]
slight:[6 9 11 14 16 22 23 24 28 32 33 34 39 41 44 46 53]
smiling:[6 16 19 27 31 36 39 55 59 62 65 71 72 76 80 85 106]
springing:[7 43 60 65 69 71 72 75 76 79 82 85 86 88 98 99 100]
stooped:[59 60 61 62 66 69 70 74 75 76 82 83 84 85 92 94 101]
stooping:[64 68 70 73 74 76 81 82 83 84 85 91 92 93 95 96 98]
strangers:[29 61 62 64 65 67 68 69 72 76 78 82 84 86 95 96 103]
street:[13 19 23 24 25 37 42 44 45 46 49 67 88 102 103 104 105]
superior:[4 6 8 10 12 14 16 23 27 29 33 36 41 56 58 91 105]
satisfy:[15 17 22 26 27 44 45 47 50 52 61 68 70 83 93 97]
saved:[31 41 57 61 68 71 72 75 77 83 85 91 95 96 97 104]
shadowy:[61 64 66 69 70 74 76 77 79 82 83 89 93 94 98 99]
shame:[9 16 34 39 41 47 50 72 74 79 86 90 102 103 104 105]
shout:[63 64 67 68 69 75 79 80 81 84 85 87 88 91 93 100]
shuddered:[60 65 69 70 71 72 74 80 83 89 90 91 92 93 94 98]
signs:[16 60 66 68 69 73 74 80 81 82 84 85 88 93 95 101]
someone:[49 60 61 63 64 67 68 71 73 83 85 89 101 103 105 106]
strider:[67 68 69 70 71 72 73 76 79 80 82 83 84 89 91 96]
scattered:[41 43 59 66 67 73 74 80 83 84 87 88 90 95 98]
senses:[27 44 46 56 68 69 70 74 76 79 99 100 101 102 104]
shan:[50 51 52 59 62 63 67 71 73 76 80 83 95 99 101]
sharply:[60 61 62 63 64 68 70 80 82 86 90 92 94 97 103]
shine:[12 61 64 65 69 72 73 78 82 84 85 89 95 100 102]
shore:[63 65 70 71 74 76 77 78 79 80 81 85 96 100 101]
shortly:[16 21 23 28 33 38 39 41 46 47 49 50 59 101 104]
shown:[7 10 34 41 43 59 60 69 71 72 76 88 90 93 98]
shrill:[61 64 69 70 73 75 79 81 89 90 91 92 95 99 103]
slain:[60 69 70 72 76 81 82 83 85 86 87 88 90 96 97]
slender:[64 65 66 74 75 76 77 78 82 84 86 92 95 96 99]
sounded:[62 63 65 66 69 70 74 75 83 84 86 87 90 92 95]
spared:[18 32 33 43 45 54 56 57 73 74 81 86 87 88 97]
stands:[12 39 71 72 73 76 77 79 82 86 88 95 97 101 105]
steel:[69 71 73 74 75 80 83 86 88 91 94 95 100 101 102]
stuck:[59 60 64 67 71 75 89 92 94 96 98 99 100 101 106]
stuff:[59 61 68 69 70 72 74 75 78 80 83 84 89 95 101]
stumbled:[64 66 70 73 74 75 83 87 93 95 96 98 99 100 101]
success:[6 14 16 20 30 32 33 34 42 43 45 51 60 67 103]
scene:[16 17 23 25 27 35 36 38 40 41 42 48 70 104]
scent:[59 61 62 66 70 71 76 79 82 84 92 95 96 98]
secure:[6 16 18 19 20 22 31 49 50 56 80 88 104 105]
seeming:[6 13 17 59 65 74 77 82 84 88 92 93 94 96]
seriously:[16 19 23 24 25 30 31 47 52 53 56 89 93 104]
shaken:[20 21 44 64 65 72 73 75 76 83 86 87 92 103]
shouting:[62 66 69 72 80 83 92 94 95 100 101 103 104 106]
slip:[59 60 61 63 67 82 84 85 90 92 95 101 102 105]
snow:[61 71 72 73 74 76 77 79 84 85 86 87 96 97]
somebody:[2 15 16 26 31 35 53 59 70 77 89 95 101 105]
spell:[64 65 66 69 71 74 75 85 86 87 90 97 99 100]
spirit:[3 11 16 29 31 43 47 55 60 65 70 101 103 104]
stick:[59 61 63 64 69 70 72 73 83 86 89 94 97 103]
stroke:[38 41 69 70 72 73 79 82 85 87 92 96 100 101]
suffer:[1 11 15 16 18 19 23 31 45 50 78 80 103 105]
supposing:[19 22 23 24 30 31 33 35 42 43 53 55 59 93]
suspected:[7 10 27 31 42 44 50 52 58 60 68 71 92 94]
swung:[61 62 67 74 75 76 77 79 84 86 87 92 94 100]
saturday:[12 15 17 19 23 31 35 36 43 45 46 49 67]
sees:[6 7 12 14 19 46 60 77 85 91 93 97 105]
shivered:[61 68 73 76 79 80 82 89 91 93 94 97 99]
shot:[65 73 75 76 79 83 84 85 87 90 96 97 100]
sink:[14 17 43 64 67 69 70 78 79 98 101 104 105]
startled:[18 30 59 60 62 63 64 71 74 90 92 98 99]
steeply:[61 64 66 70 74 82 83 84 92 96 98 99 100]
stern:[60 72 74 79 81 82 85 86 87 92 95 96 98]
stir:[45 64 65 66 69 72 73 74 82 89 91 94 101]
strangely:[49 62 65 79 86 88 91 93 95 96 101 104 105]
suffered:[9 18 22 31 38 39 48 58 72 83 85 88 89]
sunk:[20 22 24 58 59 71 75 76 84 88 89 92 93]
surely:[1 11 40 65 67 69 72 74 78 80 90 96 99]
scheme:[7 16 20 25 37 40 42 47 48 50 54 99]
secrets:[38 59 60 61 65 71 72 76 84 91 96 99]
settle:[18 28 46 51 54 60 61 63 79 89 101 104]
shallow:[66 70 73 74 77 79 83 84 88 93 95 101]
shelter:[62 69 70 72 73 74 76 84 88 92 95 99]
shores:[69 71 72 76 78 79 80 81 84 85 96 98]
smell:[63 65 69 74 76 82 84 92 93 95 99 100]
smote:[64 72 74 75 79 81 85 87 90 92 100 101]
spears:[59 74 75 82 83 86 87 88 91 94 95 99]
staff:[65 73 74 75 77 82 85 86 90 99 100 101]
staying:[12 14 16 17 23 29 31 44 49 59 65 84]
stout:[9 62 66 68 73 74 83 87 88 98 102 105]
stray:[61 63 64 65 69 74 77 80 82 89 96 104]
string:[59 61 62 64 75 76 78 82 83 85 89 92]
study:[9 11 12 16 33 59 60 68 71 72 85 103]
summoned:[8 15 18 27 71 72 73 77 78 86 91 94]
sunset:[61 69 74 79 81 83 86 87 89 96 98 100]
sadly:[31 43 60 69 72 76 79 81 82 84 93]
seas:[61 65 69 70 71 72 74 76 78 79 91]
secrecy:[20 33 43 44 45 47 48 56 73 91 100]
served:[59 61 62 73 77 85 86 89 95 100 104]
simply:[27 59 61 64 67 69 101 102 103 104 105]
size:[10 14 16 47 60 73 78 83 89 98 100]
sleepy:[61 63 64 69 71 79 84 91 93 96 105]
smallest:[4 11 12 14 19 25 37 43 46 55 71]
sorrow:[12 43 45 60 72 76 77 84 85 96 104]
special:[56 59 61 67 74 83 96 101 102 103 106]
sped:[63 70 71 73 75 79 80 81 82 86 87]
stage:[45 59 60 63 73 79 80 84 92 93 98]
sting:[73 74 75 76 79 80 92 95 100 101 105]
stories:[59 60 63 64 65 66 79 84 96 99 101]
streams:[61 63 74 78 81 82 87 88 89 95 99]
strode:[66 69 73 74 80 82 84 86 87 88 96]
strongly:[5 14 25 27 40 43 44 50 72 92 103]
style:[8 10 12 28 31 32 34 35 39 57 103]
sullen:[70 73 74 86 88 92 93 94 98 99 100]
sung:[61 65 69 74 77 82 83 84 85 89 96]
suspicion:[16 24 33 52 54 55 56 59 69 70 98]
s:[61 63 71 73 78 81 82 95 101 102]
scrambled:[62 64 70 74 79 82 84 93 95 101]
shaped:[59 65 73 76 79 84 85 88 99 101]
sheltered:[28 41 61 62 66 69 87 88 92 95]
shield:[57 69 71 73 75 81 86 87 95 97]
shivering:[69 70 72 73 79 80 83 97 99 106]
sickly:[12 26 27 31 66 92 93 98 100 104]
sighing:[61 69 70 74 75 76 81 84 92 105]
simple:[41 68 72 74 77 91 93 94 100 103]
skin:[74 75 76 79 83 84 89 90 96 101]
slanting:[62 64 66 69 72 86 89 92 95 105]
sleeping:[44 61 63 75 76 84 91 95 97 99]
sloping:[26 59 64 65 66 74 75 87 98 104]
smaller:[61 75 82 83 84 85 89 95 100 103]
sorts:[59 67 71 72 89 95 102 103 104 106]
source:[7 26 35 39 40 52 58 60 72 73]
spies:[60 68 69 72 73 80 82 92 96 101]
spreading:[47 60 64 65 69 70 76 82 91 93]
starlight:[60 61 64 65 69 74 76 77 81 88]
stole:[41 61 64 70 72 91 93 98 102 103]
strayed:[59 66 69 76 80 81 82 85 88 105]
subjects:[9 14 16 29 37 41 44 48 51 103]
suit:[8 14 17 18 31 32 47 67 70 104]
summit:[59 69 80 81 84 87 88 94 100 101]
sunday:[10 12 15 26 27 43 45 49 67 104]
safety:[44 60 65 70 72 82 83 86 92]
score:[5 19 53 54 59 74 83 88 89]
searched:[63 70 73 76 81 82 83 84 94]
sentence:[19 22 32 34 35 41 43 46 52]
separation:[12 15 19 23 33 39 50 52 104]
shaft:[74 75 78 79 81 86 87 89 97]
shafts:[74 75 84 86 87 88 89 96 106]
shake:[6 16 68 71 72 74 87 94 98]
shocked:[26 34 37 38 44 48 53 60 105]
shrank:[60 62 66 69 76 95 97 100 101]
similar:[6 39 47 54 57 60 67 84 94]
slay:[84 85 86 87 90 91 96 97 101]
slipping:[59 61 69 71 77 78 79 96 105]
smiles:[3 13 16 26 27 43 44 48 57]
smoking:[60 66 67 69 70 82 87 88 95]
sniffed:[61 62 89 92 93 97 98 99 100]
solemn:[16 17 56 84 88 90 91 97 98]
spear:[66 70 72 75 76 82 83 86 87]
spider:[66 72 76 91 92 94 99 100 101]
splendid:[3 27 53 59 71 89 96 103 105]
spy:[68 69 72 76 85 86 89 93 101]
stare:[67 79 80 85 92 95 100 103 106]
starting:[3 59 62 63 68 69 74 89 100]
sternly:[59 76 77 86 90 91 92 94 105]
store:[67 69 74 87 88 89 90 96 98]
stretch:[11 49 60 66 88 90 92 94 99]
striding:[61 62 82 84 85 88 89 90 95]
stupid:[3 25 27 60 71 90 100 102 103]
succeeded:[6 7 11 13 34 43 71 100 104]
suggested:[12 15 30 42 44 61 64 74 84]
sunrise:[60 65 66 69 72 73 82 83 84]
supply:[7 9 27 40 41 54 73 92 95]
sweeping:[70 71 84 87 88 93 99 100 104]
sacrifice:[10 15 20 22 28 30 46 105]
saddle:[61 64 67 70 82 86 89 91]
samwise:[93 94 95 96 97 98 99 101]
scared:[63 68 70 76 80 82 85 102]
schemes:[10 23 30 46 51 52 90 99]
season:[14 19 43 57 61 72 82 87]
sell:[8 68 69 72 80 102 103 105]
sending:[57 60 73 79 83 84 87 104]
separated:[12 16 25 66 69 83 100 104]
severe:[6 8 11 34 43 45 47 73]
shadowfax:[72 82 83 85 86 87 88 91]
shapeless:[61 66 73 92 93 97 98 99]
sheath:[74 78 79 80 83 87 92 101]
shields:[66 75 81 82 83 86 87 94]
shimmering:[60 69 70 77 79 84 86 88]
shoot:[50 52 76 79 85 87 90 97]
shouldn:[59 64 67 68 73 77 98 99]
showing:[18 26 28 37 67 79 90 103]
shows:[8 25 44 45 60 77 93 97]
shrouded:[63 73 79 82 85 94 97 100]
shudder:[61 64 74 85 91 92 101 106]
sincerely:[19 24 38 39 43 45 49 57]
skirts:[61 66 72 76 78 82 92 98]
slightly:[22 24 27 41 66 69 84 92]
sloped:[70 75 79 83 84 91 92 99]
smeagol:[92 93 94 95 97 98 99 100]
sniffing:[59 61 62 66 72 76 79 98]
snorted:[59 61 66 70 71 83 85 87]
solicitude:[7 8 16 22 23 25 44 52]
solid:[54 60 62 64 70 89 101 105]
sons:[31 56 62 66 72 73 82 96]
sore:[7 69 71 76 84 85 89 96]
staggered:[33 61 64 74 75 100 101 103]
stained:[65 72 73 75 78 88 90 103]
stench:[74 89 99 100 101 102 103 106]
stirring:[13 62 66 79 82 86 93 97]
streaming:[62 65 73 75 76 79 82 106]
stretching:[41 60 66 71 79 88 92 93]
struggling:[32 61 64 75 77 80 100 101]
succeed:[19 20 22 64 77 80 86 106]
summons:[12 43 46 60 78 88 91 94]
support:[25 32 33 41 43 58 86 97]
surface:[64 73 74 77 84 91 93 95]
suspense:[17 21 43 48 52 56 84 99]
swayed:[61 64 70 75 84 92 96 100]
safely:[5 24 36 72 73 76 82]
safer:[63 67 76 86 87 89 94]
sailing:[59 60 61 62 78 79 84]
scored:[60 64 71 76 87 92 101]
scream:[64 71 79 87 90 92 103]
secretly:[17 39 55 60 61 72 95]
sentiment:[16 33 41 43 47 49 50]
sentiments:[7 32 33 38 53 55 103]
shelf:[70 73 82 84 85 93 99]
shimmered:[66 71 72 76 81 82 97]
shock:[29 43 59 60 95 96 101]
shocking:[3 8 11 14 44 47 105]
shoes:[26 65 73 76 83 103 106]
sigh:[26 36 63 70 74 88 93]
sincere:[14 17 25 33 35 54 57]
sixteen:[14 27 39 42 46 47 88]
slower:[62 69 71 74 82 87 93]
sly:[12 41 49 56 69 97 105]
smelling:[59 69 86 92 95 97 103]
snake:[75 85 86 90 94 99 100]
spat:[69 86 92 93 97 100 101]
speaks:[5 41 68 74 81 93 103]
sport:[22 41 54 83 90 96 99]
springs:[57 61 64 73 77 84 88]
stammered:[59 60 64 65 69 72 91]
starry:[61 64 66 69 79 87 88]
steeds:[70 72 82 85 86 87 94]
stepping:[33 66 78 83 86 88 93]
stifling:[74 83 84 93 98 105 106]
stock:[61 62 63 70 80 89 95]
stopping:[26 32 41 63 79 92 102]
streamed:[60 63 66 67 70 82 87]
striking:[16 41 42 75 85 103 105]
stuffy:[14 62 64 67 84 85 99]
stumbling:[38 64 70 73 95 99 105]
sturdy:[64 71 75 79 84 96 100]
suspect:[14 37 51 60 61 67 85]
suspicions:[6 42 43 49 93 96 104]
swallowed:[43 69 73 83 92 93 95]
swan:[71 76 78 79 84 85 105]
sway:[63 64 71 76 84 93 95]
satisfactory:[3 16 20 41 45 57]
savage:[6 83 92 98 100 101]
scarlet:[12 39 59 63 95 96]
scouts:[73 82 83 87 96 98]
seats:[14 15 79 80 84 96]
separate:[31 32 43 44 57 72]
settling:[1 12 32 64 73 89]
sex:[8 12 17 44 47 51]
sheet:[19 48 57 75 92 103]
shines:[61 66 85 86 87 95]
ship:[69 71 76 77 78 96]
ships:[59 72 78 80 84 91]
signal:[9 30 59 62 94 101]
slaves:[60 88 89 93 96 100]
slid:[68 75 79 83 92 93]
slime:[72 85 89 90 93 101]
snapped:[59 85 90 92 95 100]
softer:[72 75 80 82 83 101]
sombre:[69 70 87 95 98 100]
speedily:[20 43 51 52 72 75]
splashed:[82 84 92 93 96 99]
st:[5 6 20 27 48 57]
stabbed:[75 86 91 97 101 104]
stature:[60 71 81 82 86 95]
steam:[63 64 70 77 85 89]
stems:[64 75 76 88 95 98]
steward:[16 41 53 86 96 97]
stowed:[73 78 86 92 95 98]
strides:[66 83 84 85 89 100]
strip:[63 64 70 74 82 83]
strokes:[69 79 80 82 83 95]
strove:[80 81 85 90 93 94]
suitable:[14 41 51 67 71 103]
suited:[4 38 49 60 67 90]
summon:[33 71 74 78 86 103]
sunlit:[60 64 66 72 76 99]
suspicious:[23 64 67 74 93 97]
swear:[68 72 82 89 92 97]
swifter:[72 75 79 81 91 100]
swimming:[63 72 73 74 85 99]
sand:[61 73 87 88 89]
scarce:[29 74 88 93 96]
scorched:[64 69 72 89 95]
scratched:[62 63 64 92 93]
screaming:[68 92 95 103 106]
seemingly:[59 60 68 92 95]
seize:[10 60 74 87 94]
seizing:[48 59 79 83 106]
selected:[15 39 51 59 88]
selfish:[2 32 43 53 55]
sentinel:[37 74 86 87 97]
shades:[53 69 70 76 77]
shaggy:[64 67 84 88 91]
shared:[29 39 44 45 102]
sharpened:[3 16 76 100 101]
shifted:[65 66 77 86 92]
shifting:[38 69 70 88 95]
shiver:[62 64 94 97 105]
shorter:[43 69 71 82 84]
shrinking:[60 91 93 99 106]
shrunken:[77 90 95 99 101]
shuddering:[74 93 94 101 103]
shutting:[75 79 87 92 100]
silverlode:[73 75 76 78 79]
simpleton:[6 16 19 44 105]
sincerity:[16 36 52 53 94]
sires:[72 79 86 90 96]
sits:[70 72 77 82 86]
sleepless:[45 79 94 95 97]
slew:[75 83 85 96 100]
slimy:[64 65 74 93 97]
snakes:[59 72 74 92 98]
snapping:[62 67 68 97 99]
snarling:[60 66 83 93 101]
sniff:[61 62 66 67 93]
snows:[65 71 82 86 96]
softened:[12 24 41 47 68]
soldiers:[37 83 93 94 95]
sole:[31 47 54 56 96]
solemnity:[12 21 23 36 103]
solemnly:[60 68 71 72 84]
solitude:[14 18 26 82 95]
soul:[14 37 61 103 105]
southfarthing:[59 61 79 88 89]
spaces:[60 70 74 86 98]
speeches:[16 20 27 72 103]
spending:[4 25 36 47 58]
spilled:[77 84 85 86 95]
splash:[63 64 70 79 80]
split:[64 80 84 90 91]
sprawling:[64 79 80 83 94]
stagnant:[69 72 74 93 100]
stalked:[64 75 78 82 84]
stamped:[59 64 83 93 95]
stamping:[66 85 87 95 103]
starving:[61 69 85 95 104]
steaming:[65 66 76 88 89]
steered:[71 73 78 96 98]
stem:[44 64 67 72 76]
sticking:[64 71 82 95 103]
sticky:[90 92 93 102 103]
straining:[64 66 79 93 106]
stride:[60 74 84 91 100]
struggle:[34 60 63 70 85]
studying:[6 33 36 62 103]
stump:[74 84 91 92 94]
stupidity:[20 30 38 40 103]
submit:[41 50 53 72 77]
subsided:[24 59 62 68 90]
subtle:[61 72 88 89 91]
sufficiently:[4 6 10 16 40]
sundered:[76 79 80 86 96]
sunless:[61 72 73 84 99]
sunshine:[64 66 70 84 85]
supported:[33 35 47 53 61]
supporting:[63 73 93 99 102]
surrounding:[1 27 69 85 104]
swam:[60 64 73 83 97]
swaying:[61 70 83 87 100]
swelling:[31 71 82 88 91]
swiftest:[72 84 91 95 101]
swinging:[65 68 69 84 85]
swollen:[83 87 100 103 105]
syllable:[27 43 50 52 56]
sack:[73 83 86 104]
sail:[60 71 76 95]
salt:[63 73 95 103]
salutation:[11 13 51 53]
sandyman:[59 60 75 77]
saving:[38 47 72 90]
scabbard:[59 71 73 86]
scenes:[16 19 43 77]
scowl:[62 68 72 102]
scowled:[59 92 93 104]
scramble:[62 74 80 92]
scrambling:[64 70 92 95]
screened:[65 69 73 96]
scruple:[15 29 33 55]
scruples:[12 14 32 34]
secured:[33 39 46 51]
security:[22 32 45 104]
sends:[57 68 81 101]
sensation:[41 49 51 103]
sensations:[16 39 42 106]
sentinels:[76 79 90 94]
september:[48 59 61 68]
serpent:[66 84 90 95]
serving:[2 82 86 101]
shading:[82 85 86 87]
shameful:[9 32 104 105]
shapely:[59 76 84 95]
shards:[72 81 88 96]
shares:[76 104 105 106]
sharing:[14 16 67 95]
shattered:[75 82 90 100]
shed:[39 64 103 105]
shell:[65 88 104 106]
shepherds:[71 84 85 88]
shift:[52 61 64 73]
shooting:[79 83 87 96]
shop:[7 13 37 59]
shower:[59 84 104 106]
shreds:[66 73 83 84]
shrewd:[62 63 94 96]
shriek:[66 90 92 95]
shrubbery:[10 15 46 53]
shutters:[60 68 69 84]
sickle:[68 76 82 83]
sidelong:[72 89 93 97]
sideways:[92 99 100 103]
significant:[16 43 60 66]
silmaril:[69 71 99 100]
singular:[8 16 72 106]
sinister:[63 64 103 106]
situated:[26 27 40 41]
sixty:[59 79 102 104]
skilled:[72 82 83 89]
slabs:[67 75 89 90]
slammed:[68 74 75 101]
slanted:[73 74 92 97]
slap:[67 73 74 85]
slashed:[69 73 75 101]
sleeve:[73 93 99 101]
slightest:[35 44 55 84]
slippery:[62 79 92 97]
slumber:[61 64 77 82]
slung:[62 76 82 83]
smeared:[75 83 102 103]
smoked:[60 75 89 93]
smokes:[59 63 88 100]
snarled:[62 74 83 101]
sneak:[95 99 100 101]
snuffling:[61 63 92 97]
solely:[5 12 20 34]
sorely:[49 82 86 95]
soup:[11 51 67 104]
sources:[43 50 53 70]
southerner:[67 68 69 89]
sparkled:[7 12 66 100]
sparks:[64 74 84 90]
speaker:[14 84 103 105]
speedy:[20 47 64 104]
spells:[66 74 79 81]
splashing:[63 76 96 97]
sprung:[75 78 82 83]
spying:[68 73 84 95]
squealed:[95 97 98 100]
squirrel:[72 90 96 97]
stab:[60 75 89 100]
staircase:[18 41 102 103]
stale:[70 78 83 104]
starless:[71 72 78 84]
stillness:[87 97 98 99]
stoutly:[2 61 62 103]
strained:[62 69 86 95]
strands:[62 66 71 90]
streets:[39 60 71 102]
striving:[45 50 83 94]
stroll:[26 61 68 84]
strongest:[33 68 73 87]
studded:[70 73 76 78]
student:[102 103 104 105]
studied:[35 42 60 72]
studies:[10 44 104 105]
stumps:[61 74 88 92]
stunted:[69 70 71 92]
succeeding:[32 37 38 45]
successful:[18 21 40 70]
suddenness:[19 74 82 99]
suffering:[32 45 86 103]
sufficient:[3 13 32 43]
sum:[34 46 47 104]
sundering:[69 78 86 91]
sundown:[62 72 82 93]
surpassing:[2 61 63 72]
surprising:[59 69 85 88]
surrounded:[24 63 80 82]
survived:[47 67 71 78]
suspiciously:[62 65 68 98]
sward:[76 81 87 100]
sweep:[61 64 74 77]
sweetness:[10 22 40 51]
swell:[6 76 94 95]
swerved:[79 82 83 95]
swim:[63 74 76 89]
swirled:[73 75 80 93]
swirling:[69 70 73 79]
symptom:[29 33 44 50]
sackville:[59 61 63]
safest:[43 59 101]
sale:[59 61 69]
salted:[89 96 98]
sarn:[78 79 85]
satin:[37 40 103]
scandalous:[14 21 53]
school:[33 70 103]
scornful:[69 72 102]
scotland:[43 44 45]
scrabbling:[76 92 98]
screamed:[79 87 103]
screen:[8 27 76]
script:[60 68 75]
seasons:[73 79 86]
secondly:[17 18 21]
seed:[66 72 93]
seeks:[72 74 90]
serenity:[32 33 40]
sermons:[12 16 49]
sets:[62 66 82]
seventeen:[71 72 104]
seventy:[61 84 104]
shabby:[73 84 85]
shadowed:[61 64 78]
sharper:[60 74 92]
shaven:[64 65 71]
sheaths:[66 81 94]
sheen:[91 92 93]
sheep:[65 71 84]
sheets:[33 93 104]
shelves:[12 79 93]
shielding:[65 74 95]
shirt:[73 76 103]
shorten:[19 61 70]
shouts:[59 101 103]
showers:[65 77 86]
shrieking:[75 87 93]
shrink:[47 72 105]
shrubs:[59 76 95]
shrunk:[80 82 92]
shy:[42 57 90]
sickness:[76 88 100]
siege:[71 87 101]
sighted:[82 83 101]
signify:[37 38 49]
silk:[59 77 97]
singled:[17 52 76]
sisterly:[27 38 44]
skinny:[92 93 98]
skins:[70 74 76]
skirting:[84 94 96]
sl:[69 72 91]
slab:[74 75 84]
slave:[22 27 88]
slavering:[83 93 97]
slaying:[76 90 96]
sleek:[93 97 98]
sleepiness:[64 71 73]
sliding:[74 75 80]
slim:[83 102 103]
slinker:[92 94 99]
slit:[44 77 92]
sloe:[61 79 84]
slopped:[61 64 65]
slyness:[20 49 103]
smart:[7 13 89]
smells:[89 93 100]
smiths:[72 73 74]
smoothed:[86 88 99]
smouldering:[74 75 95]
snare:[85 96 100]
snatches:[63 77 91]
sneaking:[60 92 99]
sneer:[16 69 91]
sneered:[72 83 90]
sneering:[43 68 104]
snowy:[71 76 86]
sofa:[102 103 104]
solitary:[31 35 49]
sorcery:[72 84 85]
sorrows:[61 69 86]
sparing:[70 99 105]
spasm:[59 93 99]
speeding:[70 79 94]
spied:[63 87 94]
spinning:[89 91 96]
spiral:[85 88 95]
splayed:[82 92 101]
splendour:[41 72 74]
splintered:[66 88 90]
splinters:[75 84 90]
spluttered:[61 64 93]
spluttering:[60 93 105]
spoil:[59 83 102]
spoilt:[10 69 80]
spots:[41 62 103]
spotted:[60 79 101]
spouted:[59 88 92]
spray:[73 76 89]
spun:[65 100 101]
spurred:[62 70 99]
spurt:[70 83 101]
squat:[64 87 101]
squeak:[65 83 93]
squeaked:[67 69 93]
squeaking:[67 93 94]
squeezed:[60 64 100]
squint:[67 69 89]
stable:[63 69 86]
stabled:[67 69 88]
stairway:[74 87 99]
stake:[60 82 86]
starved:[89 99 101]
stately:[12 18 41]
station:[14 54 103]
stationed:[8 26 29]
statues:[70 91 100]
steadfastly:[18 34 49]
stealthily:[91 92 98]
steamed:[88 89 99]
steams:[63 88 89]
steed:[72 85 86]
steeper:[70 87 98]
steer:[61 69 96]
steering:[66 79 85]
sterner:[68 70 96]
sticks:[61 64 69]
stifled:[83 100 104]
stinker:[94 95 99]
stirrups:[61 70 82]
stockings:[7 65 103]
stolen:[62 69 83]
stored:[70 77 87]
stores:[59 63 69]
storey:[63 102 103]
strangest:[60 85 88]
strangled:[60 89 91]
straw:[68 84 104]
stripped:[61 76 101]
stronghold:[74 88 94]
struggles:[24 32 55]
strung:[78 89 101]
students:[102 104 105]
substance:[39 53 55]
sufferings:[32 44 104]
suggest:[12 45 61]
sunken:[64 74 82]
sup:[61 68 95]
supplied:[7 14 85]
supposition:[10 12 54]
suppressed:[22 32 80]
surveying:[41 82 84]
suspecting:[6 8 82]
suspended:[15 41 88]
swart:[75 81 83]
swarthy:[67 68 95]
swathed:[62 79 90]
sweat:[87 99 101]
sweetest:[9 41 56]
swelled:[41 82 99]
swirl:[76 79 97]
swish:[66 73 74]
swooned:[69 82 101]
sable:[87 99]
sadness:[71 86]
sage:[88 95]
sages:[71 95]
sagging:[99 100]
sails:[71 77]
sakes:[2 49]
salary:[103 104]
sallow:[69 89]
sanctioned:[17 54]
sandy:[61 88]
sanguine:[44 45]
sap:[82 84]
savour:[61 84]
scale:[42 76]
scales:[72 75]
scanned:[86 102]
scanty:[70 84]
scarf:[59 62]
scars:[95 98]
scattering:[71 83]
science:[6 103]
scimitars:[75 81]
scolding:[2 21]
scooped:[73 79]
scorching:[69 95]
scorn:[53 72]
scotch:[6 10]
scoundrels:[63 105]
scraped:[59 93]
scraping:[65 66]
scratch:[60 75]
scratching:[69 97]
scrupled:[34 49]
scrupulous:[1 63]
scum:[90 93]
se:[12 16]
seal:[68 87]
sealed:[59 96]
searchingly:[77 90]
searing:[92 99]
seaward:[81 96]
sec:[83 87]
seconded:[33 103]
seeding:[64 84]
seething:[73 74]
selling:[61 63]
semblance:[103 106]
senseless:[90 101]
sensibility:[34 43]
sensibly:[16 55]
sentences:[36 103]
sequel:[44 72]
sermon:[48 49]
serviceable:[45 79]
services:[44 103]
settlement:[46 67]
seventh:[75 79]
severely:[102 104]
shadowless:[79 98]
shady:[60 64]
shallower:[62 93]
sharers:[36 86]
shave:[71 86]
shelob:[100 101]
sheltering:[74 95]
shelving:[76 80]
shes:[103 106]
shimmer:[61 92]
shingle:[79 87]
shingles:[88 90]
shirts:[103 106]
shivers:[69 97]
shoals:[79 88]
shoe:[15 82]
shoreless:[65 71]
shorn:[71 72]
shortest:[82 83]
shouldered:[61 62]
shrieked:[83 92]
shrivel:[66 74]
shrugged:[59 60]
shun:[95 96]
shunned:[60 72]
shuttered:[63 90]
shyness:[25 43]
sickening:[99 103]
signed:[96 97]
significance:[94 106]
silken:[78 92]
silvan:[73 76]
silvertine:[73 85]
similarity:[16 52]
singer:[65 67]
singly:[86 95]
sinks:[64 76]
sipping:[59 102]
sire:[72 82]
sixth:[3 70]
sizes:[64 90]
sketch:[16 25]
skies:[69 71]
skinned:[95 99]
skipped:[87 95]
skulking:[87 95]
slacken:[24 84]
slackened:[73 84]
slackening:[73 84]
slant:[81 83]
slash:[70 81]
slaughter:[72 95]
sleepers:[73 99]
sleepily:[71 93]
sleeves:[23 69]
slighted:[3 53]
slimed:[90 93]
slithered:[92 100]
slot:[62 82]
slumped:[59 82]
smagol:[60 72]
smartness:[103 105]
smilingly:[29 41]
smithies:[78 88]
smiting:[92 101]
smoothly:[25 85]
smother:[70 95]
smouldered:[92 94]
snails:[61 73]
snap:[59 64]
snatch:[91 103]
snivelling:[60 97]
snoring:[61 76]
snout:[74 95]
snowed:[59 60]
snowmane:[86 87]
snug:[37 61]
sobbed:[92 104]
sober:[60 90]
soiled:[65 93]
sold:[61 103]
soliciting:[15 42]
solidity:[5 20]
sonia:[103 105]
sonias:[103 105]
soothe:[18 105]
sortie:[83 87]
soundlessly:[77 91]
soundly:[93 105]
sour:[21 68]
southernmost:[79 82]
southrons:[95 96]
span:[72 75]
spanned:[75 85]
sparkling:[84 86]
spars:[40 88]
sparsely:[70 96]
specially:[59 83]
speck:[87 102]
specks:[69 73]
speechless:[59 61]
spike:[80 101]
spire:[80 88]
spires:[84 92]
spiritless:[45 50]
spiteful:[47 102]
spitted:[83 95]
splitting:[84 92]
spoiling:[83 95]
spoon:[67 95]
spoons:[59 67]
spout:[73 89]
sprawled:[86 95]
springtime:[76 96]
springy:[66 85]
spur:[38 87]
square:[69 74]
squatting:[93 97]
squeal:[83 100]
squeeze:[64 89]
squeezing:[92 101]
squirrels:[69 96]
sss:[92 95]
stabbing:[75 101]
stables:[41 69]
staddle:[67 69]
staggering:[89 105]
stain:[74 76]
stank:[72 93]
starling:[64 65]
startling:[92 100]
starve:[9 93]
stated:[33 52]
statement:[22 34]
stating:[33 41]
stays:[7 87]
steal:[77 97]
stealthy:[70 76]
stiffened:[81 92]
stiffening:[66 93]
stiffly:[53 67]
stiffness:[4 19]
stomach:[83 100]
stonework:[69 95]
stools:[96 97]
stoop:[93 98]
storms:[73 91]
stouthearted:[87 99]
straggled:[83 92]
straggling:[69 98]
straighter:[62 82]
strand:[78 92]
strangling:[85 88]
strapped:[61 92]
straps:[61 74]
strengthen:[72 73]
strengthened:[76 99]
strenuously:[27 54]
stretches:[69 90]
strewn:[65 69]
stricken:[70 71]
strictly:[55 61]
strikes:[85 96]
strive:[76 78]
stroked:[71 92]
strongholds:[60 82]
studs:[79 82]
stuffed:[59 89]
stumble:[91 96]
subsisted:[23 49]
subsisting:[10 12]
substantial:[8 34]
successfully:[23 102]
suggestion:[19 67]
suitableness:[13 40]
sullenly:[74 104]
summers:[73 93]
suns:[79 82]
superiority:[11 105]
supped:[67 91]
supple:[67 73]
supplies:[69 84]
suppress:[38 41]
surfaces:[92 93]
surged:[87 101]
surmise:[16 31]
surpass:[8 78]
surrender:[90 97]
surround:[64 91]
surroundings:[102 103]
survey:[53 70]
surveyed:[81 82]
survive:[33 47]
survivor:[21 65]
suspects:[19 77]
svidrigalov:[104 105]
svidrigalovs:[104 105]
swans:[59 79]
swarming:[75 87]
swath:[82 85]
swertings:[94 95]
swine:[83 103]
swordsmen:[80 87]
syllables:[10 71]
sympathetic:[67 105]
symptoms:[7 23]
system:[59 106]
sa:[72]
sacking:[105]
sacks:[59]
sacred:[85]
sacrificed:[20]
sacrificing:[105]
saddlebow:[86]
saddled:[67]
saddles:[82]
saffron:[88]
sag:[70]
sagacity:[54]
sailed:[69]
saith:[72]
salad:[37]
sallied:[28]
sally:[44]
saloon:[43]
saluted:[90]
salvage:[89]
sameness:[39]
sammie:[69]
sample:[60]
sancho:[59]
sanction:[51]
sandheaver:[67]
sandhills:[81]
sapling:[72]
saplings:[84]
sapphire:[96]
saradoc:[88]
sarah:[52]
sarcastic:[1]
sash:[52]
satirical:[6]
satisfactions:[41]
satisfying:[43]
saucepan:[89]
saucer:[66]
saucy:[49]
sausage:[104]
saves:[97]
savings:[104]
savoured:[83]
savours:[25]
sawed:[67]
sawing:[67]
sawn:[61]
saxifrages:[95]
sayings:[94]
scaffolding:[102]
scaling:[87]
scalp:[75]
scalps:[86]
scampering:[8]
scan:[82]
scandal:[104]
scanning:[85]
scantiness:[103]
scar:[83]
scarborough:[51]
scarcity:[3]
scare:[70]
scarves:[96]
scented:[82]
scents:[95]
scheming:[22]
schilleresque:[105]
schleswig:[105]
scholar:[61]
schooling:[80]
scientific:[105]
scimitar:[75]
scintillating:[59]
scoffed:[72]
scold:[28]
scolded:[16]
scoop:[70]
scope:[16]
scores:[39]
scorings:[90]
scorned:[47]
scoundrel:[103]
scour:[73]
scout:[87]
scowling:[105]
scrabbled:[93]
scrape:[31]
scraps:[73]
scratches:[69]
scrawl:[75]
scrawls:[98]
scrawny:[92]
screams:[87]
screech:[99]
screeches:[83]
screens:[8]
screw:[80]
screwed:[80]
screws:[80]
scripts:[72]
scroll:[72]
scrolls:[72]
scrubbing:[103]
scrubs:[103]
scrutiny:[33]
scudded:[93]
scuffling:[83]
scythe:[100]
seals:[96]
searchers:[73]
searches:[99]
seared:[87]
sears:[101]
seasonable:[19]
secluded:[47]
seclusion:[44]
seconding:[13]
seconds:[83]
secretary:[104]
securely:[83]
sedate:[50]
sedateness:[41]
sedge:[85]
seduction:[45]
seekers:[96]
seemeth:[72]
selecting:[17]
selection:[59]
selfishness:[22]
selves:[42]
semicircle:[96]
seminaries:[4]
semyon:[103]
semyonovna:[103]
senate:[104]
seniority:[13]
sensed:[93]
sensing:[99]
sentry:[92]
separately:[30]
separates:[23]
separating:[27]
serene:[93]
series:[60]
serves:[72]
servility:[12]
settlements:[16]
settles:[62]
sevenfold:[76]
severally:[96]
severed:[66]
severest:[55]
severity:[33]
sha:[83]
shabbier:[84]
shabbiness:[102]
shadowmere:[71]
shagrat:[101]
shallows:[74]
shalt:[78]
shamed:[73]
shamefaced:[62]
shameless:[32]
shank:[70]
shanks:[67]
shant:[103]
shaping:[95]
sharpness:[96]
shathr:[73]
shatter:[74]
shattering:[74]
shaved:[105]
shawl:[103]
shawls:[105]
shears:[60]
sheathed:[89]
shedding:[104]
shelterless:[79]
shepherd:[84]
shepherdless:[86]
shh:[103]
shielded:[95]
shillings:[14]
shin:[70]
shinbone:[70]
shins:[70]
shiny:[79]
shipwright:[72]
shiretalk:[94]
shivery:[92]
shod:[98]
shoots:[98]
shopboy:[13]
shopmen:[104]
shopping:[25]
shops:[9]
shortcoming:[102]
shortcomings:[72]
shortened:[92]
shortness:[24]
shouldering:[80]
shoutinghe:[83]
showered:[106]
shred:[71]
shredding:[93]
shrewish:[43]
shrillness:[100]
shrivelled:[69]
shrouding:[82]
shrouds:[63]
shrug:[57]
shuffled:[76]
shuttering:[98]
shyly:[71]
si:[78]
sideboard:[26]
sift:[60]
signals:[74]
signatures:[59]
signboard:[67]
signifies:[88]
signing:[75]
signpost:[92]
silenced:[49]
silences:[65]
silivren:[71]
silky:[105]
sill:[60]
silliest:[7]
silmarils:[69]
simmering:[95]
simpered:[52]
simpers:[50]
simplicity:[105]
sindanriello:[78]
sinews:[72]
singed:[74]
singling:[24]
sings:[41]
sins:[103]
sinuous:[74]
sip:[74]
sipped:[62]
sips:[84]
sirannon:[74]
sixpence:[46]
sized:[28]
skai:[83]
skeleton:[94]
skewer:[75]
skewered:[75]
skewers:[95]
skilful:[79]
skilfully:[76]
skills:[96]
skinbark:[84]
skip:[66]
skipping:[92]
skirt:[105]
skulls:[95]
sla:[61]
slack:[61]
slag:[93]
slam:[68]
slander:[104]
slapped:[89]
slapping:[73]
slashing:[74]
sledge:[60]
sleeper:[85]
sleepies:[98]
sleeps:[74]
sliced:[103]
slier:[79]
slightingly:[7]
sling:[83]
slinging:[91]
slinking:[92]
slippers:[65]
slips:[101]
slithering:[73]
slowed:[63]
slowing:[64]
sluggard:[64]
sluggish:[78]
slumping:[64]
slunk:[88]
slush:[73]
smartened:[103]
smartly:[106]
smash:[89]
smashed:[95]
smaug:[71]
smearing:[104]
smelly:[95]
smelt:[66]
smials:[84]
smirks:[50]
smite:[90]
smith:[60]
smithying:[95]
smitten:[99]
smoky:[92]
smoldering:[103]
smoother:[79]
smothering:[101]
smudge:[83]
snaga:[83]
snail:[62]
snakeses:[93]
snares:[101]
snarl:[93]
snarls:[60]
snatched:[106]
snick:[64]
snicked:[83]
sniggering:[103]
snore:[63]
snort:[72]
snowstorm:[74]
snuffed:[73]
soaked:[70]
soap:[63]
sobbing:[103]
sobs:[92]
social:[34]
societies:[6]
sofas:[11]
softness:[30]
sofya:[103]
solace:[1]
solaced:[8]
soldier:[101]
soldierly:[105]
solicit:[17]
solicitation:[20]
somersault:[59]
sonnet:[9]
sooth:[86]
soothed:[34]
sorcerer:[72]
sorcerers:[82]
sorceress:[86]
sores:[84]
sorrel:[106]
sorrowful:[71]
sorrowfully:[81]
sorrowing:[69]
sorrowless:[69]
sorted:[74]
sounder:[64]
sounding:[87]
southerly:[70]
southerners:[68]
spaced:[99]
spacious:[41]
spade:[59]
spades:[73]
spake:[90]
spanish:[43]
spares:[95]
sparingly:[95]
spark:[64]
sparklers:[59]
sparrow:[87]
sparse:[97]
spasms:[44]
spate:[92]
spawned:[75]
spearmen:[80]
specializing:[59]
speculation:[50]
speediest:[54]
spelt:[81]
sphere:[53]
spiders:[72]
spikes:[94]
spill:[65]
spills:[84]
spines:[100]
spinney:[64]
spiny:[98]
spirited:[103]
spiriting:[59]
spit:[92]
spitting:[103]
spittle:[101]
splayfingered:[84]
splaying:[101]
spleen:[25]
splendidly:[59]
splinter:[71]
spoiled:[55]
spokesman:[13]
spontaneously:[106]
spooks:[68]
sporting:[97]
sportive:[58]
sports:[30]
sportsmen:[51]
spouse:[103]
spouthole:[89]
sprained:[3]
springle:[59]
springless:[96]
sprinkle:[78]
sprinkled:[61]
sprinter:[100]
sprout:[84]
spurned:[47]
spurning:[91]
spurring:[83]
sputtered:[73]
squared:[88]
squarely:[96]
squatted:[83]
squawk:[60]
squeakings:[94]
squeamish:[39]
squelching:[100]
squib:[59]
squibs:[59]
squinting:[85]
squirmed:[98]
squirming:[89]
srinen:[78]
ssh:[99]
stability:[21]
stabling:[67]
stacked:[69]
stagger:[83]
stains:[103]
stalk:[100]
stalking:[70]
stalks:[76]
stalky:[64]
stalwart:[72]
stammering:[78]
stamp:[12]
stampede:[83]
standards:[63]
standstill:[64]
stanzas:[16]
starched:[103]
starlit:[61]
starmoon:[74]
starred:[95]
starts:[85]
starvation:[105]
stateliness:[27]
statesman:[103]
statue:[91]
staunch:[80]
staves:[98]
stead:[96]
steadfast:[30]
steadied:[92]
steadier:[84]
steadiness:[38]
stealing:[95]
stealth:[69]
steeped:[76]
steers:[92]
stenches:[100]
stew:[95]
stewards:[96]
stewed:[95]
sties:[83]
stifle:[105]
stiles:[7]
stilled:[84]
stinginess:[105]
stinging:[89]
stink:[93]
stinks:[93]
stirs:[23]
stocks:[59]
stoke:[47]
stolidly:[103]
stonecrop:[98]
stonecrops:[95]
stonily:[73]
stool:[71]
stoors:[60]
stops:[85]
storage:[96]
storeys:[67]
storied:[73]
storing:[27]
stormcrow:[86]
storming:[89]
stormy:[81]
stouter:[78]
stove:[105]
straddled:[64]
stragglers:[69]
straighten:[99]
straightened:[61]
straightening:[63]
straightforward:[104]
strain:[75]
stranded:[59]
strangeness:[20]
stratagems:[48]
strawheads:[87]
straws:[37]
straying:[83]
streaked:[86]
strengthening:[78]
strengths:[72]
strenuous:[61]
stress:[2]
strict:[82]
strictest:[13]
strictures:[6]
strife:[80]
strikingly:[41]
stringing:[79]
strings:[66]
stripes:[90]
strips:[70]
striven:[72]
strolling:[95]
stub:[92]
stubbed:[76]
stubbornly:[101]
stubbornness:[29]
studier:[9]
studious:[11]
stung:[101]
stunned:[93]
stupider:[4]
stupidly:[64]
stuttering:[73]
suave:[90]
subdue:[70]
subjection:[13]
subjoin:[47]
submerged:[94]
submissively:[103]
submitted:[58]
subsequent:[32]
subside:[103]
subsist:[21]
substitute:[40]
subterranean:[84]
succeeds:[8]
succession:[15]
successively:[47]
successor:[21]
suck:[101]
sucked:[92]
sucking:[73]
sufferer:[50]
suffers:[9]
suffice:[96]
suffices:[72]
sugar:[104]
suggesting:[12]
suggests:[60]
suiting:[3]
suitor:[104]
suits:[86]
sulkily:[94]
sullied:[60]
summoning:[74]
sump:[93]
sunbeams:[86]
sundry:[59]
sunlands:[94]
sunny:[91]
super:[52]
superb:[59]
supercilious:[5]
superciliousness:[6]
superfluous:[104]
superintended:[12]
superintendence:[14]
superintends:[14]
superlatively:[27]
superseded:[43]
supplement:[59]
supplication:[49]
supplying:[27]
supposes:[85]
suppositions:[3]
surefooted:[87]
surer:[74]
surest:[11]
surety:[85]
surge:[70]
surmises:[3]
surmount:[16]
surmounted:[74]
surpassed:[71]
surpasses:[78]
surpassingly:[72]
surprises:[60]
surviving:[59]
survivors:[96]
suspend:[16]
sustained:[41]
sustaining:[84]
sustenance:[82]
swallow:[97]
swamps:[73]
swaps:[59]
swarmed:[87]
sweated:[74]
sweating:[66]
sweetened:[72]
sweeter:[100]
sweetly:[76]
swellings:[66]
swells:[84]
swiftness:[96]
swing:[87]
swished:[73]
swoon:[101]
swordsman:[61]
swore:[94]
sworn:[73]
symbols:[98]
symmetry:[6]
sympathize:[45]
sympathy:[103]
synonymously:[5]
