very:[1 2 3 4 5 6 7 8 9 10 11 12 13 14 15 16 17 18 19 20 21 22 23 24 25 26 27 28 29 30 31 32 33 34 35 36 37 38 39 40 41 42 43 44 45 46 47 48 49 50 51 52 53 54 55 56 57 58 59 60 61 62 63 64 65 66 67 68 69 70 71 72 73 74 75 76 77 78 79 80 82 83 84 85 86 87 88 89 90 91 92 93 94 95 96 97 98 99 100 101 102 103 104 105 106 107 108 109 110 111 112 113 114 115 116 117 118 119 120 121 122 123 124 125 126 127 128 129 130 131 132 133 134 135 136 137 138 139 140 141 142 143 144 145 146 147 148 149 150 151 152 153 154 155 156 157 158 159 160 161 162 163 164 165 166 167 168 169 170 171 172 173 174 175 176 177 178 179 180 181 182 183 184 185 186 187 188 189 190 191 192 193 273 274 275 276 277 278 281 283 284 285 286 287 288 289 290 291 292 293 294 295 296 297 298 299 301 302 303 306 308]
voice:[8 14 16 18 21 22 27 30 32 33 34 37 41 43 48 50 52 53 59 60 61 62 63 64 65 66 67 68 69 70 71 72 73 74 75 76 77 78 79 80 82 83 84 85 86 87 88 89 90 91 92 93 94 95 96 97 98 99 100 101 102 103 106 107 108 109 110 113 114 115 116 120 121 125 126 127 129 130 131 132 133 134 137 138 140 141 142 143 144 145 147 148 151 152 153 154 155 156 157 159 160 162 163 164 166 167 168 170 172 173 174 175 176 177 178 179 180 182 183 184 186 187 189 190 192 193 273 275 276 282 291 294 302 303 305]
view:[7 13 21 22 23 26 27 28 29 39 41 43 50 56 59 61 62 64 65 66 68 69 70 77 79 85 89 90 91 93 95 97 100 101 103 111 113 117 120 122 123 126 127 128 132 134 140 142 144 145 147 148 151 152 154 156 157 159 167 174 175 176 177 178 179 181 183 186 188 190 273 274 277 279 289 290 298 303 306 308]
visit:[1 2 3 5 6 7 9 12 14 17 19 20 24 25 26 27 28 30 32 36 39 42 43 50 51 52 54 55 58 59 60 61 62 67 75 88 90 103 104 107 108 116 117 118 120 122 123 125 128 130 134 135 136 137 138 140 159 183 191 193 273 274 280 285 299 302 308]
various:[3 30 33 36 37 43 47 59 60 61 63 64 67 68 73 88 89 93 102 104 107 108 114 118 120 129 136 137 138 144 146 147 152 153 158 159 160 161 166 167 170 178 179 182 188 193 274 277 278 283 290 294 302 303 304 305 306 308]
vain:[5 6 11 14 16 26 32 35 38 39 41 43 59 60 61 71 72 74 75 76 77 78 81 82 85 88 94 96 99 100 101 103 120 121 131 159 165 166 175 189 274 282 285 290 296 302 303 306]
violent:[3 7 16 26 33 38 40 46 56 90 98 99 102 103 109 110 113 115 122 127 131 142 145 146 147 153 157 162 164 165 168 170 171 172 177 178 179 181 184 186 187 188 189 190 191 276 277]
voices:[59 61 65 66 67 68 69 70 71 73 76 77 78 79 81 82 83 84 86 87 88 89 92 94 95 96 99 101 106 108 110 114 115 140 150 161 170 175 177 186 188 190 191 192 277 303]
vanished:[40 42 59 60 63 64 65 66 67 68 69 70 71 73 74 75 76 77 80 81 82 83 85 87 88 90 93 94 95 97 98 99 101 106 127 131 138 151]
vast:[9 60 65 66 72 73 74 75 79 84 88 90 91 92 93 94 95 98 99 100 101 116 120 122 123 129 140 148 151 157 177 179 273 276 295 297 303 306]
visible:[32 41 42 44 52 59 60 63 66 71 74 79 86 88 89 95 100 101 103 156 161 166 175 176 186 188 192 276 289 298 299 302 303 306]
valley:[41 61 63 64 65 66 67 69 70 71 72 73 74 76 80 82 84 85 87 88 89 90 91 94 97 98 99 100 101 274 306]
violently:[23 48 55 56 64 83 104 107 108 115 116 121 125 130 132 133 135 137 152 156 157 162 168 170 172 173 178 179 187 190 299]
venture:[2 16 33 43 67 74 77 79 80 83 84 96 99 103 109 111 112 115 116 117 123 126 128 130 132 147 177 273 276 283]
visitor:[24 30 31 42 49 52 53 54 58 59 80 85 102 108 109 110 111 113 120 122 125 126 127 129 133 145 166 179 190]
vague:[37 49 63 66 67 70 74 76 84 101 110 122 125 126 128 129 130 132 135 138 140 172 192 288 292 299 302 306]
virtue:[14 27 34 41 43 44 47 57 66 73 76 98 103 116 124 131 136 157 167 170 183 189 274 282 302 306]
visited:[7 41 45 58 60 67 68 78 90 93 104 106 113 136 140 166 168 174 175 177 191 193 273 285 290 293]
village:[3 7 28 30 45 49 61 63 66 67 68 69 72 112 132 134 136 148 172 173 175 188 191 193 298]
visitors:[15 21 27 29 36 41 42 48 51 53 59 108 115 116 118 120 126 129 149 154 156 170 171 192 279]
violence:[17 39 46 99 100 107 128 137 146 147 153 163 165 166 167 170 171 178 179 180 181 186 187 306]
voyage:[79 189 273 274 275 276 278 280 281 286 288 289 290 291 292 293 295 296 298 299 302 303 306 308]
vanity:[5 6 11 22 24 31 34 36 39 44 49 55 113 116 117 124 128 129 132 137 140 302]
variety:[9 21 27 34 41 43 44 59 84 129 140 147 152 154 158 163 165 174 177 193 288 289]
vexation:[6 16 19 35 39 40 41 46 52 108 112 113 119 121 122 127 131 138 139 140 157 166]
vision:[60 65 66 69 77 78 82 83 84 93 94 96 97 139 162 174 175 180 188 192 303 306]
value:[6 15 18 28 38 52 54 56 69 74 107 119 136 138 177 178 179 183 273 289 302]
ventured:[22 42 45 46 50 52 56 84 88 94 104 115 117 128 129 142 152 166 168 173 178]
valuable:[5 12 14 33 41 42 50 55 59 102 113 130 135 140 154 184 185 186 273 302]
vice:[34 40 54 91 100 103 104 105 107 109 125 134 135 166 170 180 189 191]
vale:[72 73 78 79 82 86 87 88 89 91 92 97 99 100 101 132 188]
vexed:[3 5 16 17 43 51 56 103 104 105 118 121 127 128 140 160 290]
v:[106 110 113 114 120 121 126 127 131 132 137 145 198 273 278 302]
villain:[83 89 93 94 96 99 138 146 155 156 157 163 171 184 189 191]
vent:[21 44 115 143 151 156 166 171 173 174 175 189 190 191 282]
victim:[51 60 100 101 105 114 115 120 122 134 142 158 165 181 183]
vile:[60 92 101 106 114 118 130 133 136 139 155 184 276 282 289]
veil:[61 66 70 72 77 85 94 95 96 97 100 192 302 306]
visiting:[1 37 48 50 58 59 107 117 135 137 138 170 183 297]
views:[1 3 13 16 17 26 34 39 40 41 51 113 306]
vigour:[25 59 60 70 71 73 84 93 116 147 150 173 177]
vanish:[30 59 60 61 66 67 74 79 88 89 170 289]
visits:[7 28 39 55 58 60 92 96 140 175 276 299]
vessel:[78 96 144 179 273 281 285 289 292 293 302]
victory:[9 65 71 72 80 81 85 86 88 90 96]
vigorous:[59 118 120 128 131 146 157 175 177 192 277]
vacant:[7 13 14 19 33 161 177 179 181 303]
veiled:[64 65 66 67 74 76 82 88 95 305]
vi:[107 114 121 127 132 138 146 199 279 302]
varied:[10 18 40 59 74 95 120 128 145]
vessels:[65 84 190 273 289 293 297 303 306]
vicinity:[58 174 182 273 276 291 295 302 303]
visions:[60 71 77 80 136 140 167 168 174]
valiant:[71 72 73 75 90 96 298 303]
valleys:[66 69 73 84 85 86 87 88]
valour:[60 72 80 87 88 90 94 96]
venerable:[71 134 179 183 192 281 289 302]
vindictive:[120 121 123 131 132 172 296 299]
vivid:[77 137 146 152 160 189 306 308]
vividly:[96 106 107 110 114 117 135 306]
voluntarily:[19 37 45 48 50 56 147 298]
voluntary:[14 16 31 59 128 170 180 289]
vulgar:[8 57 59 117 122 136 144 183]
vacantly:[132 149 153 171 179 192 283]
valued:[20 34 38 39 68 124 140]
vanishing:[67 69 79 96 98 99 110]
vapour:[78 85 88 89 99 100 178]
vengeance:[101 186 277 289 302 303 308]
vicious:[33 123 125 146 150 157 189]
vigilance:[72 81 94 101 302 306 308]
vigorously:[43 67 117 124 128 162 276]
virtues:[70 123 128 130 167 188 298]
vodka:[106 112 114 129 130 136 138]
volume:[11 12 160 289 302 303 306]
vaguely:[60 61 119 124 302 306]
vehemence:[56 92 130 150 160 171]
veins:[74 88 96 114 150 297]
viewed:[69 140 156 171 193 276]
viewing:[12 40 41 140 193 305]
vii:[108 115 139 147 200 280]
villages:[67 134 140 148 188 305]
virtuous:[124 143 144 150 167 179]
vocation:[120 285 297 299 302 306]
void:[55 88 93 100 140 193]
voyages:[273 276 289 297 302 308]
vassilyevsky:[104 105 106 110 138]
venomous:[69 88 92 100 114]
venturing:[15 96 109 184 185]
verses:[9 68 71 73 166]
vestibule:[18 44 46 48 302]
virgin:[136 246 289 297 305]
vital:[120 133 135 280 306]
vow:[50 73 96 285 308]
vainly:[72 75 87 289]
van:[87 140 274 306]
vapours:[69 93 98 99]
varying:[30 36 163 302]
vehicle:[174 176 186 308]
verse:[60 72 125 282]
vices:[11 143 177 193]
victims:[90 123 170 177]
viii:[140 148 201 281]
villainy:[159 166 189 192]
visibly:[74 183 188 306]
vitality:[298 302 303 308]
vote:[63 74 80 181]
vouchsafed:[12 117 120 131]
vagabond:[115 151 181]
vagabonds:[68 161 181]
vagrant:[153 163 303]
vahrushin:[104 105 111]
valiantly:[80 168 303]
vary:[13 16 32]
vault:[82 192 273]
veered:[64 73 99]
velveteen:[153 155 183]
vents:[88 89 273]
verdict:[123 144 192]
verdure:[33 281 286]
verily:[14 72 77]
version:[140 193 273]
vex:[52 157 179]
victor:[85 91 290]
villainous:[44 143 148]
vineyard:[289 291 298]
violates:[120 140 193]
vise:[116 130 131]
vividness:[106 114 134]
volumes:[155 156 302]
voracious:[142 185 273]
vouch:[11 14 16]
vous:[118 122 132]
vowed:[126 136 285]
vulgarity:[57 121 122]
va:[132 136]
valandil:[72 79]
vales:[95 98]
vanilla:[140 193]
vanquished:[60 81]
vapor:[294 300]
variation:[43 48]
varieties:[43 302]
vastly:[50 290]
vastness:[74 97]
vaults:[78 157]
ve:[78 83]
vegetables:[59 161]
vehement:[156 166]
vehemently:[183 303]
veils:[79 93]
velocity:[273 302]
velvets:[299 306]
venetian:[117 306]
vented:[156 186]
veracity:[15 33]
verbal:[109 273]
verge:[173 192]
veritable:[100 273]
versts:[104 105]
vesture:[289 306]
vexatious:[26 50]
viands:[144 182]
vicissitudes:[298 306]
victories:[72 80]
victuals:[96 144]
vigilant:[129 303]
vileness:[118 130]
viler:[105 121]
villagers:[134 193]
vindication:[38 41]
violation:[34 44]
virus:[140 193]
visitations:[124 302]
visual:[303 308]
vittles:[59 98]
vivacious:[179 302]
vivacity:[15 17]
voicing:[59 73]
voids:[280 306]
volubility:[39 165]
volunteer:[140 193]
volunteered:[115 166]
volunteers:[140 193]
voluptuous:[124 128]
vomited:[93 282]
voted:[59 286]
vacancies:[302]
vacancy:[51]
vacated:[308]
vacation:[308]
vagueness:[289]
valar:[95]
valid:[47]
valimar:[78]
valinor:[71]
valise:[282]
valor:[298]
valueless:[33]
vampire:[172]
vancouver:[297]
vanguard:[87]
vanimelda:[76]
vanishment:[59]
vanities:[109]
vanwa:[78]
vapors:[300]
varda:[78]
vardo:[78]
varents:[128]
variance:[12]
variations:[59]
variously:[289]
varmint:[62]
vase:[174]
vassals:[157]
vassilitch:[114]
vassily:[104]
vasya:[118]
vaticans:[273]
vaulted:[273]
vaunt:[191]
vauxhall:[138]
veal:[138]
vedui:[70]
veering:[74]
vehicles:[182]
veiling:[87]
vein:[308]
veined:[78]
veinsroyal:[285]
velvet:[150]
vend:[188]
vendome:[303]
vendor:[188]
veneration:[13]
venison:[51]
venom:[101]
venting:[43]
ventriloquial:[181]
ventures:[95]
verandahs:[106]
verb:[128]
vereas:[143]
verging:[102]
veriest:[289]
verifications:[303]
verified:[173]
vermin:[83]
vermont:[306]
vermonters:[279]
vernal:[295]
versed:[140]
vertebra:[288]
vertical:[302]
vertically:[302]
vertu:[136]
vest:[289]
vestal:[136]
vestige:[172]
vestry:[145]
veteran:[297]
vexations:[39]
vexing:[1]
vial:[303]
viazemskys:[122]
vibrate:[192]
vibrated:[168]
vibrating:[134]
vibration:[274]
vibrations:[303]
vicariously:[299]
victorious:[69]
victors:[290]
victorys:[281]
vide:[273]
vie:[72]
vigil:[83]
vigor:[289]
vilkins:[142]
villa:[106]
villains:[88]
villanous:[276]
vilna:[121]
vin:[122]
vindicated:[142]
vindictively:[118]
vindictiveness:[306]
vinegar:[290]
vineyarder:[299]
vingt:[6]
violate:[274]
violated:[53]
violin:[135]
virginia:[276]
virginias:[306]
virtually:[63]
vishera:[122]
visionary:[174]
visitants:[299]
visitation:[147]
vith:[143]
vitiated:[285]
vitus:[303]
vivaciously:[163]
vivisecting:[127]
vixenish:[144]
vocular:[147]
vogue:[6]
volatile:[302]
volatility:[39]
volcano:[308]
volition:[303]
volley:[172]
vomit:[100]
von:[273]
voracity:[302]
vortices:[303]
voskresensky:[113]
votes:[74]
vouchsafe:[129]
vould:[143]
vowing:[290]
vows:[18]
voyagebeyond:[295]
voyager:[273]
voyagersit:[291]
voyagesthe:[289]
voznesensky:[140]
vrazumihin:[111]
vrit:[136]
vulgarise:[128]
vulnerable:[170]
vum:[276]
vyge:[288]
