x:[109 135 137 150 203 283]
xiii:[12 153 206 286]
xiv:[12 154 207 287]
xlvi:[43 186 230 310]
xvi:[156 209 289 297]
xxxix:[179 225 289 305]
xi:[151 204 284]
xii:[152 205 285]
xix:[159 212 292]
xl:[180 225 305]
xli:[181 226 306]
xlii:[182 226 306]
xliii:[183 227 307]
xliv:[184 228 308]
xlix:[189 232 312]
xlv:[185 229 309]
xlvii:[187 231 311]
xlviii:[188 231 311]
xv:[155 208 288]
xvii:[157 210 290]
xviii:[158 211 291]
xx:[160 213 293]
xxi:[161 214 294]
xxii:[162 215 295]
xxiii:[163 216 296]
xxiv:[164 217 297]
xxix:[169 219 299]
xxv:[165 218 298]
xxvi:[166 218 298]
xxvii:[167 218 298]
xxviii:[168 219 299]
xxx:[170 220 300]
xxxi:[171 221 301]
xxxii:[172 222 302]
xxxiii:[173 222 302]
xxxiv:[174 222 302]
xxxv:[175 223 303]
xxxvi:[176 223 303]
xxxvii:[177 224 304]
xxxviii:[178 225 305]
xc:[250 331]
xci:[250 331]
xcii:[251 332]
xciii:[252 333]
xciv:[252 333]
xcix:[256 337]
xcv:[253 334]
xcvi:[254 335]
xcvii:[255 336]
xcviii:[255 336]
xerxes:[306 327]
x----:[114]
